timestamp,Channel 1,Channel 2,Channel 3,Channel 4
1631126463809,0,0,0,0
1631126463809,0,0,0,0
1631126463825,0,0,0,0
1631126463841,0,0,0,0
1631126463841,0,0,0,0
1631126463856,0,0,0,0
1631126463872,0,0,0,0
1631126463887,0,0,0,0
1631126463887,0,0,0,0
1631126463909,0,0,0,0
1631126463909,0,0,0,0
1631126463925,0,0,0,0
1631126463941,0,0,0,0
1631126463941,0,0,0,0
1631126463956,0,0,0,0
1631126463972,0,0,0,0
1631126463972,0,0,0,0
1631126463987,0,0,0,0
1631126464003,3,0,0,0
1631126464009,3,0,0,0
1631126464025,21,0,0,0
1631126464041,12,0,0,0
1631126464041,30,0,0,0
1631126464056,49,0,0,0
1631126464072,46,0,0,0
1631126464072,64,0,0,0
1631126464087,57,0,0,0
1631126464103,76,0,0,0
1631126464109,75,0,0,0
1631126464125,92,0,0,0
1631126464125,82,0,0,0
1631126464141,108,0,0,0
1631126464156,122,0,0,0
1631126464172,111,0,0,0
1631126464172,133,0,0,0
1631126464187,126,0,0,0
1631126464203,145,0,0,0
1631126464209,138,0,0,0
1631126464225,157,0,0,0
1631126464225,146,0,0,0
1631126464241,168,0,0,0
1631126464257,162,0,0,0
1631126464257,180,13,0,0
1631126464272,194,28,0,0
1631126464288,184,21,0,0
1631126464304,201,43,0,0
1631126464310,199,39,0,0
1631126464325,220,59,0,0
1631126464325,208,56,0,0
1631126464341,224,74,0,0
1631126464357,225,72,0,0
1631126464357,244,89,0,0
1631126464374,236,83,0,0
1631126464390,249,96,0,0
1631126464390,271,116,10,0
1631126464410,263,110,9,0
1631126464410,285,131,27,0
1631126464427,276,127,23,0
1631126464443,298,146,46,0
1631126464443,290,138,43,0
1631126464459,313,157,61,0
1631126464475,304,148,60,0
1631126464490,328,173,72,0
1631126464490,334,187,91,0
1631126464510,319,178,90,0
1631126464510,343,195,111,0
1631126464525,329,189,102,0
1631126464541,354,212,120,0
1631126464541,336,198,120,0
1631126464558,360,222,140,0
1631126464573,342,213,134,0
1631126464573,362,235,159,0
1631126464589,347,225,152,0
1631126464610,350,235,165,0
1631126464610,375,259,187,0
1631126464626,360,250,183,0
1631126464642,378,275,205,0
1631126464642,363,266,200,0
1631126464657,387,290,222,0
1631126464675,370,286,217,0
1631126464675,389,304,241,14
1631126464690,371,292,236,17
1631126464706,392,322,257,36
1631126464710,380,315,249,32
1631126464726,386,325,262,50
1631126464742,404,347,284,69
1631126464742,389,339,275,66
1631126464757,410,359,296,86
1631126464773,393,348,290,83
1631126464773,415,371,308,105
1631126464789,394,355,300,100
1631126464804,416,378,322,116
1631126464811,401,362,318,116
1631126464826,424,383,331,136
1631126464826,428,389,344,149
1631126464842,408,379,335,145
1631126464858,432,395,355,165
1631126464873,413,385,347,164
1631126464873,434,399,368,181
1631126464889,421,383,360,173
1631126464905,448,407,382,194
1631126464911,427,387,370,189
1631126464927,448,408,393,209
1631126464927,428,394,388,199
1631126464942,431,402,400,216
1631126464958,456,419,420,240
1631126464958,436,406,414,234
1631126464973,461,425,433,252
1631126464991,440,409,423,248
1631126464991,464,428,449,267
1631126465011,446,411,438,258
1631126465011,467,437,462,279
1631126465027,451,414,449,273
1631126465042,472,442,481,294
1631126465058,477,444,483,305
1631126465058,456,426,471,292
1631126465074,480,448,495,318
1631126465090,461,430,479,311
1631126465090,489,452,497,334
1631126465112,462,434,484,322
1631126465112,488,459,506,345
1631126465127,465,440,491,332
1631126465143,488,462,511,354
1631126465143,471,442,497,344
1631126465159,469,447,500,355
1631126465174,491,470,521,378
1631126465190,473,454,504,367
1631126465190,496,475,520,388
1631126465212,475,459,510,384
1631126465212,498,480,530,405
1631126465228,475,462,515,395
1631126465244,492,484,538,418
1631126465244,473,463,519,405
1631126465259,496,490,542,432
1631126465275,479,469,525,426
1631126465275,473,472,527,435
1631126465290,497,495,549,457
1631126465306,473,479,531,449
1631126465312,495,499,555,470
1631126465333,470,483,536,460
1631126465333,491,504,559,477
1631126465348,472,484,543,467
1631126465364,486,507,559,491
1631126465364,469,484,549,477
1631126465387,491,512,560,493
1631126465387,490,517,570,505
1631126465403,465,495,557,490
1631126465412,487,520,577,510
1631126465428,467,497,560,497
1631126465428,485,520,584,516
1631126465443,460,501,563,502
1631126465459,486,520,587,519
1631126465475,455,507,569,504
1631126465475,483,521,588,523
1631126465490,457,504,576,510
1631126465506,456,504,575,513
1631126465512,476,530,596,533
1631126465528,452,503,581,516
1631126465528,472,527,603,540
1631126465544,450,503,583,521
1631126465559,470,528,605,543
1631126465559,447,503,589,524
1631126465575,460,527,610,546
1631126465591,442,499,591,534
1631126465591,460,519,617,550
1631126465613,454,523,621,558
1631126465613,429,500,597,536
1631126465628,446,522,621,561
1631126465644,421,498,602,545
1631126465660,435,521,627,564
1631126465660,414,500,604,545
1631126465675,424,522,630,572
1631126465691,400,500,610,552
1631126465691,387,513,632,575
1631126465713,400,490,615,558
1631126465713,332,517,634,577
1631126465729,258,511,637,589
1631126465748,374,493,620,564
1631126465748,168,516,641,588
1631126465764,361,490,622,569
1631126465780,65,511,643,592
1631126465780,325,485,621,574
1631126465795,0,506,643,598
1631126465813,264,485,624,575
1631126465813,0,506,647,603
1631126465829,181,480,629,583
1631126465845,93,477,621,586
1631126465845,0,497,640,613
1631126465860,0,472,622,592
1631126465876,0,493,643,615
1631126465876,0,466,620,593
1631126465891,0,483,638,619
1631126465913,0,459,619,595
1631126465913,0,480,642,620
1631126465929,0,451,620,603
1631126465945,0,470,637,630
1631126465945,0,457,640,632
1631126465961,0,441,617,611
1631126465976,0,434,637,634
1631126465976,0,427,612,613
1631126465992,0,386,636,635
1631126466008,0,423,613,618
1631126466014,0,315,633,640
1631126466029,0,413,610,622
1631126466029,0,240,630,646
1631126466045,0,401,606,623
1631126466060,0,142,631,641
1631126466076,0,40,627,648
1631126466076,0,325,606,624
1631126466092,0,0,625,646
1631126466108,0,252,600,628
1631126466114,0,0,621,647
1631126466130,0,169,597,624
1631126466130,0,0,617,644
1631126466145,0,79,595,624
1631126466161,0,0,609,642
1631126466161,0,0,591,618
1631126466176,0,0,585,621
1631126466192,0,0,603,644
1631126466208,0,0,575,624
1631126466214,0,0,593,643
1631126466230,0,0,569,619
1631126466230,0,0,585,643
1631126466245,0,0,565,617
1631126466261,0,0,570,641
1631126466261,0,0,557,614
1631126466277,0,0,533,639
1631126466292,0,0,483,638
1631126466292,0,0,536,614
1631126466315,0,0,401,637
1631126466315,0,0,525,610
1631126466330,0,0,314,634
1631126466346,0,0,513,609
1631126466362,0,0,217,629
1631126466362,0,0,474,608
1631126466377,0,0,125,629
1631126466393,0,0,419,608
1631126466393,0,0,350,602
1631126466415,0,0,0,623
1631126466415,0,0,270,597
1631126466431,0,0,0,617
1631126466447,0,0,177,593
1631126466447,0,0,0,615
1631126466471,0,0,92,591
1631126466471,0,0,0,609
1631126466487,0,0,1,584
1631126466503,0,0,0,601
1631126466503,0,0,0,578
1631126466515,0,0,0,569
1631126466531,0,0,0,583
1631126466547,0,0,0,560
1631126466551,0,0,0,569
1631126466561,0,0,0,549
1631126466576,0,0,0,534
1631126466576,0,0,0,545
1631126466592,0,0,0,470
1631126466608,0,0,0,536
1631126466615,0,0,0,396
1631126466631,0,0,0,306
1631126466631,0,0,0,510
1631126466647,0,0,0,213
1631126466662,0,0,0,473
1631126466678,0,0,0,112
1631126466678,0,0,0,412
1631126466694,0,0,0,20
1631126466709,0,0,0,337
1631126466716,0,0,0,0
1631126466732,0,0,0,249
1631126466732,0,0,0,158
1631126466747,0,0,0,0
1631126466763,0,0,0,67
1631126466763,0,0,0,0
1631126466778,0,0,0,0
1631126466794,0,0,0,0
1631126466810,0,0,0,0
1631126466816,0,0,0,0
1631126466832,0,0,0,0
1631126466832,0,0,0,0
1631126466854,0,0,0,0
1631126466854,0,0,0,0
1631126466870,0,0,0,0
1631126466886,0,0,0,0
1631126466886,0,0,0,0
1631126466901,0,0,0,0
1631126466916,0,0,0,0
1631126466916,0,0,0,0
1631126466932,0,0,0,0
1631126466948,0,0,0,0
1631126466948,0,0,0,0
1631126466963,0,0,0,0
1631126466979,0,0,0,0
1631126466995,0,0,0,0
1631126466995,0,0,0,0
1631126467016,0,0,0,0
1631126467016,0,0,0,0
1631126467032,0,0,0,0
1631126467048,0,0,0,0
1631126467048,0,0,0,0
1631126467063,0,0,0,0
1631126467079,0,0,0,0
1631126467079,0,0,0,0
1631126467095,0,0,0,0
1631126467116,0,0,0,0
1631126467116,0,0,0,0
1631126467132,0,0,0,0
1631126467148,10,0,0,0
1631126467148,6,0,0,0
1631126467163,29,0,0,0
1631126467179,21,0,0,0
1631126467179,38,0,0,0
1631126467195,57,0,0,0
1631126467210,51,0,0,0
1631126467216,72,0,0,0
1631126467232,64,0,0,0
1631126467248,85,0,0,0
1631126467248,78,0,0,0
1631126467263,98,0,0,0
1631126467279,89,0,0,0
1631126467279,112,0,0,0
1631126467294,103,0,0,0
1631126467310,116,0,0,0
1631126467317,134,0,0,0
1631126467335,129,0,0,0
1631126467335,148,0,0,0
1631126467351,141,0,0,0
1631126467367,163,0,0,0
1631126467367,153,0,0,0
1631126467382,171,0,0,0
1631126467398,166,0,0,0
1631126467398,184,16,0,0
1631126467417,200,28,0,0
1631126467433,190,27,0,0
1631126467433,211,47,0,0
1631126467448,203,39,0,0
1631126467464,220,58,0,0
1631126467464,211,56,0,0
1631126467480,229,74,0,0
1631126467495,225,67,0,0
1631126467495,246,90,0,0
1631126467518,239,83,0,0
1631126467518,251,97,0,0
1631126467533,274,115,9,0
1631126467549,265,113,7,0
1631126467565,288,131,27,0
1631126467565,275,129,26,0
1631126467581,299,142,43,0
1631126467596,296,141,39,0
1631126467596,308,158,58,0
1631126467618,302,151,55,0
1631126467618,326,172,79,0
1631126467634,336,185,88,0
1631126467649,322,176,89,0
1631126467649,344,195,104,0
1631126467665,332,186,103,0
1631126467681,350,205,121,0
1631126467696,336,202,118,0
1631126467696,357,224,139,0
1631126467718,342,212,133,0
1631126467718,354,232,153,0
1631126467734,341,227,147,0
1631126467750,353,235,160,0
1631126467750,372,255,182,0
1631126467773,353,246,178,0
1631126467782,374,265,197,0
1631126467782,359,258,190,0
1631126467797,378,282,210,0
1631126467813,363,272,206,0
1631126467819,381,294,224,0
1631126467834,370,286,219,0
1631126467850,393,306,238,15
1631126467850,372,295,231,12
1631126467866,380,312,244,31
1631126467881,400,336,271,49
1631126467881,384,321,259,46
1631126467897,404,346,280,66
1631126467913,387,333,272,62
1631126467919,408,358,293,81
1631126467934,393,346,285,80
1631126467934,420,364,310,102
1631126467950,398,357,299,99
1631126467965,423,379,322,116
1631126467965,424,387,339,135
1631126467981,405,371,328,134
1631126467997,431,392,353,157
1631126468012,412,375,343,152
1631126468019,436,398,365,175
1631126468034,418,384,358,169
1631126468034,443,401,380,193
1631126468050,421,390,372,189
1631126468066,448,414,403,213
1631126468066,427,397,389,206
1631126468081,435,401,402,221
1631126468097,459,420,426,244
1631126468097,439,404,419,236
1631126468119,461,426,444,258
1631126468119,444,410,432,255
1631126468135,467,432,457,277
1631126468150,451,413,446,268
1631126468166,475,442,472,293
1631126468166,452,424,459,287
1631126468189,476,444,482,311
1631126468199,482,450,497,323
1631126468205,460,430,481,314
1631126468219,485,451,500,338
1631126468219,465,440,489,324
1631126468235,488,460,508,351
1631126468251,470,440,493,344
1631126468251,488,465,512,362
1631126468266,474,444,495,350
1631126468282,494,466,519,371
1631126468297,472,449,500,364
1631126468307,495,475,523,390
1631126468320,495,479,527,399
1631126468324,472,460,508,392
1631126468334,497,481,532,414
1631126468350,476,464,517,405
1631126468350,497,484,538,425
1631126468365,476,471,520,417
1631126468381,493,490,542,437
1631126468397,467,474,526,429
1631126468397,494,493,543,449
1631126468412,473,478,530,445
1631126468420,474,478,536,453
1631126468435,493,502,552,475
1631126468451,473,484,539,465
1631126468451,493,506,560,483
1631126468467,471,486,540,469
1631126468482,492,508,564,492
1631126468482,467,492,546,480
1631126468498,490,512,569,499
1631126468514,469,498,553,486
1631126468520,489,514,568,506
1631126468536,486,521,583,510
1631126468536,466,498,560,498
1631126468551,481,521,582,516
1631126468567,463,503,566,502
1631126468583,483,524,587,521
1631126468583,461,501,570,504
1631126468598,479,528,591,525
1631126468614,457,509,575,511
1631126468620,482,522,600,529
1631126468636,455,504,576,516
1631126468636,448,506,577,520
1631126468652,472,528,604,541
1631126468667,446,507,583,526
1631126468667,470,525,607,543
1631126468683,441,504,591,529
1631126468698,464,528,612,548
1631126468714,437,502,591,533
1631126468721,455,526,615,555
1631126468721,431,494,599,536
1631126468736,447,526,616,558
1631126468752,441,524,623,563
1631126468767,419,500,603,549
1631126468767,430,520,628,566
1631126468783,410,501,609,551
1631126468799,410,522,633,570
1631126468799,406,496,608,553
1631126468821,372,519,634,575
1631126468821,389,499,612,558
1631126468836,301,510,636,582
1631126468852,385,490,619,561
1631126468852,227,516,640,583
1631126468868,135,511,641,589
1631126468883,356,488,620,572
1631126468899,43,510,644,592
1631126468899,314,487,618,575
1631126468921,0,508,647,597
1631126468931,257,486,622,580
1631126468943,0,505,642,601
1631126468954,177,478,622,583
1631126468964,0,501,648,607
1631126468974,96,478,616,580
1631126468984,0,474,624,591
1631126468994,0,492,643,614
1631126469002,0,470,620,594
1631126469014,0,487,641,618
1631126469022,0,461,620,596
1631126469032,0,483,639,622
1631126469048,0,458,617,604
1631126469064,0,476,640,622
1631126469064,0,451,622,605
1631126469079,0,463,643,633
1631126469095,0,445,636,634
1631126469095,0,432,614,614
1631126469116,0,397,636,638
1631126469126,0,429,612,615
1631126469132,0,340,633,638
1631126469148,0,421,611,622
1631126469148,0,264,631,639
1631126469164,0,405,608,622
1631126469179,0,173,628,645
1631126469195,0,384,604,624
1631126469195,0,75,627,644
1631126469210,0,0,626,643
1631126469226,0,288,600,624
1631126469235,0,0,620,647
1631126469245,0,213,598,623
1631126469255,0,0,617,646
1631126469265,0,126,594,625
1631126469283,0,0,615,646
1631126469293,0,33,592,621
1631126469293,0,0,608,641
1631126469309,0,0,588,619
1631126469324,0,0,581,622
1631126469324,0,0,596,643
1631126469340,0,0,572,622
1631126469355,0,0,590,644
1631126469371,0,0,564,620
1631126469371,0,0,578,640
1631126469387,0,0,558,617
1631126469393,0,0,563,639
1631126469409,0,0,555,613
1631126469424,0,0,523,636
1631126469424,0,0,459,638
1631126469440,0,0,534,612
1631126469456,0,0,393,633
1631126469456,0,0,522,612
1631126469471,0,0,297,632
1631126469487,0,0,509,609
1631126469493,0,0,204,629
1631126469509,0,0,465,606
1631126469509,0,0,87,627
1631126469524,0,0,403,606
1631126469540,0,0,329,599
1631126469556,0,0,0,620
1631126469556,0,0,239,593
1631126469571,0,0,0,618
1631126469587,0,0,140,590
1631126469593,0,0,0,613
1631126469609,0,0,62,588
1631126469609,0,0,0,605
1631126469625,0,0,0,581
1631126469640,0,0,0,600
1631126469640,0,0,0,577
1631126469656,0,0,0,567
1631126469672,0,0,0,580
1631126469688,0,0,0,560
1631126469694,0,0,0,561
1631126469710,0,0,0,551
1631126469710,0,0,0,515
1631126469725,0,0,0,541
1631126469743,0,0,0,451
1631126469743,0,0,0,535
1631126469758,0,0,0,374
1631126469774,0,0,0,274
1631126469774,0,0,0,499
1631126469794,0,0,0,180
1631126469794,0,0,0,460
1631126469810,0,0,0,82
1631126469826,0,0,0,402
1631126469841,0,0,0,0
1631126469841,0,0,0,317
1631126469857,0,0,0,0
1631126469873,0,0,0,242
1631126469873,0,0,0,155
1631126469894,0,0,0,0
1631126469894,0,0,0,58
1631126469910,0,0,0,0
1631126469926,0,0,0,0
1631126469926,0,0,0,0
1631126469941,0,0,0,0
1631126469957,0,0,0,0
1631126469973,0,0,0,0
1631126469973,0,0,0,0
1631126469995,0,0,0,0
1631126469995,0,0,0,0
1631126470010,0,0,0,0
1631126470026,0,0,0,0
1631126470026,0,0,0,0
1631126470042,0,0,0,0
1631126470057,0,0,0,0
1631126470057,0,0,0,0
1631126470073,0,0,0,0
1631126470089,0,0,0,0
1631126470095,0,0,0,0
1631126470110,0,0,0,0
1631126470126,0,0,0,0
1631126470126,0,0,0,0
1631126470141,0,0,0,0
1631126470157,0,0,0,0
1631126470157,0,0,0,0
1631126470173,0,0,0,0
1631126470189,0,0,0,0
1631126470195,0,0,0,0
1631126470210,0,0,0,0
1631126470210,0,0,0,0
1631126470226,0,0,0,0
1631126470242,0,0,0,0
1631126470257,0,0,0,0
1631126470257,0,0,0,0
1631126470273,0,0,0,0
1631126470289,10,0,0,0
1631126470295,0,0,0,0
1631126470311,19,0,0,0
1631126470311,15,0,0,0
1631126470326,28,0,0,0
1631126470342,49,0,0,0
1631126470342,42,0,0,0
1631126470357,56,0,0,0
1631126470373,56,0,0,0
1631126470389,75,0,0,0
1631126470395,72,0,0,0
1631126470411,88,0,0,0
1631126470411,83,0,0,0
1631126470426,105,0,0,0
1631126470442,117,0,0,0
1631126470442,108,0,0,0
1631126470458,127,0,0,0
1631126470474,119,0,0,0
1631126470474,140,0,0,0
1631126470496,132,0,0,0
1631126470496,152,0,0,0
1631126470511,142,0,0,0
1631126470531,167,0,0,0
1631126470531,158,0,0,0
1631126470547,181,4,0,0
1631126470563,184,17,0,0
1631126470563,179,14,0,0
1631126470578,199,30,0,0
1631126470596,189,25,0,0
1631126470596,212,46,0,0
1631126470612,201,40,0,0
1631126470627,220,59,0,0
1631126470627,210,56,0,0
1631126470643,230,76,0,0
1631126470659,225,69,0,0
1631126470674,233,80,0,0
1631126470674,256,102,0,0
1631126470690,241,93,0,0
1631126470696,270,113,2,0
1631126470712,257,107,3,0
1631126470728,279,128,20,0
1631126470728,276,123,21,0
1631126470743,297,141,37,0
1631126470759,281,139,34,0
1631126470759,303,154,56,0
1631126470774,316,163,69,0
1631126470790,306,155,64,0
1631126470796,327,173,87,0
1631126470812,314,166,78,0
1631126470812,335,188,95,0
1631126470827,322,174,89,0
1631126470843,346,199,111,0
1631126470859,333,194,106,0
1631126470859,353,213,125,0
1631126470874,336,202,125,0
1631126470890,338,212,138,0
1631126470896,363,230,155,0
1631126470912,345,224,149,0
1631126470912,368,243,168,0
1631126470928,351,236,163,0
1631126470944,372,257,183,0
1631126470944,355,243,178,0
1631126470959,375,267,194,0
1631126470975,359,262,194,0
1631126470991,381,278,211,0
1631126470996,383,290,227,0
1631126471012,371,280,219,0
1631126471012,389,305,239,13
1631126471028,375,291,230,12
1631126471043,394,315,246,27
1631126471043,380,304,246,28
1631126471059,399,328,261,46
1631126471075,381,316,258,41
1631126471075,399,339,277,59
1631126471096,386,327,264,54
1631126471096,408,350,287,76
1631126471112,412,362,297,90
1631126471128,395,349,292,87
1631126471143,417,368,310,107
1631126471143,400,358,304,103
1631126471159,418,377,317,119
1631126471175,402,365,305,116
1631126471175,421,383,334,137
1631126471197,405,368,324,129
1631126471197,430,394,335,147
1631126471212,409,373,333,149
1631126471228,415,382,345,156
1631126471228,434,396,363,176
1631126471244,417,385,357,171
1631126471259,443,400,378,192
1631126471275,420,385,367,184
1631126471275,443,409,388,204
1631126471297,427,392,377,195
1631126471297,448,410,397,214
1631126471313,428,395,389,211
1631126471329,452,417,410,224
1631126471329,458,424,422,246
1631126471344,435,404,413,239
1631126471360,459,426,437,255
1631126471360,440,409,428,249
1631126471375,462,427,451,262
1631126471391,445,415,440,262
1631126471398,471,435,461,280
1631126471413,444,416,449,273
1631126471429,470,442,474,292
1631126471429,453,423,467,288
1631126471445,456,428,468,296
1631126471460,477,449,489,318
1631126471460,457,428,475,304
1631126471476,482,451,497,325
1631126471491,463,429,481,319
1631126471498,486,455,505,336
1631126471514,464,438,489,328
1631126471514,486,461,509,345
1631126471529,468,445,492,338
1631126471549,491,465,512,358
1631126471549,493,468,518,369
1631126471562,474,449,501,356
1631126471578,495,469,521,382
1631126471578,475,451,506,371
1631126471598,497,474,526,391
1631126471614,475,457,510,383
1631126471614,496,478,528,404
1631126471629,472,460,515,395
1631126471645,495,487,534,418
1631126471645,479,465,518,406
1631126471670,498,486,536,429
1631126471670,496,493,542,440
1631126471686,473,476,528,432
1631126471698,499,496,545,454
1631126471714,476,472,529,444
1631126471714,497,499,553,467
1631126471730,468,478,535,456
1631126471746,494,503,555,479
1631126471746,471,484,538,463
1631126471762,491,503,556,483
1631126471778,469,485,542,468
1631126471778,468,490,546,478
1631126471799,492,512,569,498
1631126471799,466,492,549,487
1631126471815,486,516,575,508
1631126471831,465,498,555,492
1631126471831,484,519,575,510
1631126471846,466,497,560,497
1631126471862,481,526,583,514
1631126471877,464,494,562,499
1631126471877,483,524,583,523
1631126471900,482,523,590,524
1631126471900,458,504,572,508
1631126471915,477,526,593,528
1631126471931,455,504,574,517
1631126471931,477,527,599,535
1631126471946,451,507,577,516
1631126471962,476,527,603,537
1631126471962,446,502,584,522
1631126471978,474,526,603,542
1631126471994,446,508,588,527
1631126472000,441,501,590,532
1631126472015,462,527,610,550
1631126472031,436,500,594,534
1631126472031,453,526,616,554
1631126472046,430,501,599,540
1631126472062,447,523,621,560
1631126472062,422,501,601,542
1631126472078,440,522,623,563
1631126472093,417,501,603,545
1631126472100,430,520,624,570
1631126472116,410,500,608,547
1631126472116,403,496,613,552
1631126472131,368,515,634,576
1631126472147,397,496,612,558
1631126472162,305,517,637,579
1631126472162,386,492,617,561
1631126472178,229,514,639,581
1631126472194,373,492,618,566
1631126472200,136,502,641,585
1631126472216,359,484,615,568
1631126472216,47,512,641,583
1631126472232,0,511,644,597
1631126472247,261,483,624,578
1631126472247,0,505,641,603
1631126472263,192,481,621,582
1631126472279,0,500,645,605
1631126472279,101,480,621,587
1631126472301,0,499,641,607
1631126472301,15,473,620,589
1631126472316,0,493,648,611
1631126472332,0,469,626,598
1631126472348,0,465,620,595
1631126472348,0,484,642,621
1631126472364,0,460,617,598
1631126472379,0,480,638,625
1631126472379,0,453,616,604
1631126472401,0,467,637,625
1631126472401,0,446,615,608
1631126472417,0,458,635,628
1631126472433,0,439,616,608
1631126472433,0,426,639,635
1631126472448,0,380,633,635
1631126472464,0,421,612,617
1631126472480,0,315,634,639
1631126472480,0,416,611,617
1631126472502,0,242,627,641
1631126472502,0,403,606,620
1631126472517,0,151,628,642
1631126472533,0,385,600,623
1631126472533,0,52,624,641
1631126472548,0,334,607,625
1631126472564,0,276,602,621
1631126472564,0,0,620,647
1631126472580,0,192,597,618
1631126472596,0,0,619,645
1631126472602,0,109,596,623
1631126472618,0,0,614,644
1631126472633,0,21,594,622
1631126472633,0,0,610,642
1631126472649,0,0,585,621
1631126472664,0,0,600,644
1631126472664,0,0,582,620
1631126472680,0,0,574,621
1631126472696,0,0,590,638
1631126472702,0,0,565,618
1631126472718,0,0,580,639
1631126472718,0,0,557,615
1631126472733,0,0,564,639
1631126472749,0,0,551,616
1631126472749,0,0,533,639
1631126472765,0,0,540,615
1631126472780,0,0,474,629
1631126472796,0,0,410,633
1631126472802,0,0,526,611
1631126472818,0,0,330,630
1631126472818,0,0,516,609
1631126472834,0,0,239,632
1631126472849,0,0,488,607
1631126472849,0,0,149,627
1631126472865,0,0,442,605
1631126472881,0,0,60,626
1631126472881,0,0,378,599
1631126472903,0,0,304,598
1631126472918,0,0,0,619
1631126472918,0,0,229,596
1631126472934,0,0,0,615
1631126472950,0,0,129,594
1631126472950,0,0,0,608
1631126472965,0,0,38,584
1631126472981,0,0,0,605
1631126472981,0,0,0,580
1631126473003,0,0,0,605
1631126473003,0,0,0,589
1631126473019,0,0,0,566
1631126473051,0,0,0,580
1631126473051,0,0,0,557
1631126473051,0,0,0,564
1631126473066,0,0,0,555
1631126473082,0,0,0,524
1631126473082,0,0,0,547
1631126473104,0,0,0,465
1631126473104,0,0,0,546
1631126473119,0,0,0,396
1631126473135,0,0,0,308
1631126473135,0,0,0,515
1631126473150,0,0,0,223
1631126473166,0,0,0,485
1631126473166,0,0,0,126
1631126473182,0,0,0,432
1631126473197,0,0,0,39
1631126473204,0,0,0,371
1631126473219,0,0,0,0
1631126473235,0,0,0,281
1631126473235,0,0,0,207
1631126473251,0,0,0,0
1631126473266,0,0,0,120
1631126473266,0,0,0,0
1631126473282,0,0,0,25
1631126473298,0,0,0,0
1631126473304,0,0,0,0
1631126473320,0,0,0,0
1631126473320,0,0,0,0
1631126473335,0,0,0,0
1631126473351,0,0,0,0
1631126473367,0,0,0,0
1631126473367,0,0,0,0
1631126473382,0,0,0,0
1631126473398,0,0,0,0
1631126473404,0,0,0,0
1631126473420,0,0,0,0
1631126473420,0,0,0,0
1631126473436,0,0,0,0
1631126473451,0,0,0,0
1631126473451,0,0,0,0
1631126473467,0,0,0,0
1631126473482,0,0,0,0
1631126473498,0,0,0,0
1631126473505,0,0,0,0
1631126473505,0,0,0,0
1631126473520,0,0,0,0
1631126473536,0,0,0,0
1631126473551,0,0,0,0
1631126473551,0,0,0,0
1631126473567,0,0,0,0
1631126473583,0,0,0,0
1631126473583,0,0,0,0
1631126473605,0,0,0,0
1631126473618,0,0,0,0
1631126473629,0,0,0,0
1631126473635,0,0,0,0
1631126473651,0,0,0,0
1631126473651,0,0,0,0
1631126473666,0,0,0,0
1631126473682,0,0,0,0
1631126473682,0,0,0,0
1631126473705,23,0,0,0
1631126473705,14,0,0,0
1631126473721,35,0,0,0
1631126473736,32,0,0,0
1631126473736,50,0,0,0
1631126473752,37,0,0,0
1631126473768,64,0,0,0
1631126473768,54,0,0,0
1631126473783,74,0,0,0
1631126473799,88,0,0,0
1631126473805,78,0,0,0
1631126473821,99,0,0,0
1631126473837,96,0,0,0
1631126473837,111,0,0,0
1631126473852,103,0,0,0
1631126473868,122,0,0,0
1631126473868,116,0,0,0
1631126473883,135,0,0,0
1631126473899,128,0,0,0
1631126473905,140,0,0,0
1631126473921,162,0,0,0
1631126473921,155,0,0,0
1631126473937,177,4,0,0
1631126473952,169,0,0,0
1631126473968,192,20,0,0
1631126473968,179,15,0,0
1631126473984,204,41,0,0
1631126473999,194,33,0,0
1631126474006,216,51,0,0
1631126474022,229,69,0,0
1631126474022,219,65,0,0
1631126474037,239,84,0,0
1631126474052,234,82,0,0
1631126474052,260,102,0,0
1631126474068,249,99,0,0
1631126474084,276,118,10,0
1631126474099,261,114,5,0
1631126474106,286,130,26,0
1631126474122,280,127,21,0
1631126474122,289,141,44,0
1631126474137,317,165,62,0
1631126474153,305,155,66,0
1631126474153,329,180,84,0
1631126474169,314,170,83,0
1631126474184,339,192,99,0
1631126474184,326,186,101,0
1631126474207,349,207,119,0
1631126474207,337,195,118,0
1631126474222,355,217,139,0
1631126474238,358,230,155,0
1631126474253,346,227,152,0
1631126474253,368,244,170,0
1631126474269,354,236,166,0
1631126474285,370,261,188,0
1631126474285,358,252,185,0
1631126474307,378,270,204,0
1631126474307,361,266,199,0
1631126474322,386,284,220,0
1631126474338,367,276,214,0
1631126474338,388,301,230,11
1631126474354,393,316,252,32
1631126474369,377,311,246,30
1631126474369,400,332,264,50
1631126474385,383,323,262,51
1631126474401,405,347,282,69
1631126474407,386,339,275,69
1631126474423,405,359,296,87
1631126474438,395,346,290,87
1631126474438,414,371,314,106
1631126474454,398,357,305,97
1631126474470,405,366,315,121
1631126474470,427,385,337,138
1631126474485,407,371,333,138
1631126474501,431,392,351,158
1631126474507,410,378,340,153
1631126474523,438,397,366,172
1631126474538,418,381,356,172
1631126474538,438,405,377,189
1631126474554,420,387,367,190
1631126474570,447,408,386,203
1631126474570,447,413,404,222
1631126474585,431,397,397,219
1631126474601,455,418,419,238
1631126474607,434,403,412,235
1631126474623,458,424,437,253
1631126474623,436,407,427,248
1631126474638,455,428,450,270
1631126474654,451,416,440,262
1631126474670,468,438,460,284
1631126474670,450,417,456,282
1631126474686,452,422,465,289
1631126474702,478,445,487,311
1631126474707,459,428,475,306
1631126474723,481,449,493,327
1631126474723,458,433,482,320
1631126474738,486,455,504,338
1631126474754,463,438,492,330
1631126474754,487,466,510,353
1631126474770,469,434,495,343
1631126474785,490,465,518,369
1631126474785,495,469,522,378
1631126474807,468,452,506,369
1631126474807,494,479,526,395
1631126474823,474,456,509,386
1631126474839,499,480,533,409
1631126474854,474,460,515,396
1631126474854,496,488,536,422
1631126474870,475,472,520,414
1631126474886,493,493,544,440
1631126474886,470,468,525,429
1631126474908,472,473,531,447
1631126474908,493,497,558,472
1631126474923,470,480,537,457
1631126474939,492,505,559,479
1631126474939,470,482,541,469
1631126474955,491,509,560,487
1631126474970,468,486,543,474
1631126474986,490,511,566,495
1631126474986,470,488,547,485
1631126475008,488,512,569,502
1631126475008,488,515,573,514
1631126475024,465,496,555,493
1631126475039,485,519,577,514
1631126475039,464,498,558,497
1631126475055,486,519,581,519
1631126475070,464,499,564,498
1631126475070,482,524,582,524
1631126475086,454,500,567,507
1631126475102,473,519,590,527
1631126475108,456,501,571,509
1631126475124,478,523,589,531
1631126475140,473,526,597,535
1631126475140,450,504,581,517
1631126475155,470,529,599,539
1631126475171,447,503,580,523
1631126475171,467,526,606,540
1631126475186,444,506,584,527
1631126475202,462,526,609,547
1631126475209,441,504,593,530
1631126475224,457,521,610,551
1631126475224,437,499,593,530
1631126475240,427,499,597,536
1631126475255,446,521,619,559
1631126475271,423,500,600,543
1631126475271,438,522,622,565
1631126475287,416,498,601,544
1631126475303,428,522,627,568
1631126475309,414,499,606,550
1631126475324,404,528,627,573
1631126475324,404,497,618,555
1631126475340,363,520,628,578
1631126475356,304,513,634,582
1631126475356,387,495,614,560
1631126475371,234,514,640,584
1631126475387,375,491,618,567
1631126475402,150,511,640,587
1631126475409,360,488,618,568
1631126475424,60,512,644,589
1631126475424,316,486,621,575
1631126475440,0,507,643,595
1631126475456,266,488,623,581
1631126475456,194,482,621,584
1631126475471,0,501,647,604
1631126475487,120,475,621,585
1631126475487,0,499,642,606
1631126475509,32,476,620,588
1631126475509,0,494,644,610
1631126475524,0,469,619,593
1631126475540,0,487,643,619
1631126475556,0,462,617,594
1631126475556,0,479,640,618
1631126475571,0,459,616,600
1631126475587,0,453,618,602
1631126475587,0,466,639,626
1631126475609,0,445,614,606
1631126475609,0,459,638,629
1631126475625,0,437,612,607
1631126475640,0,433,637,635
1631126475640,0,431,613,615
1631126475656,0,390,636,638
1631126475672,0,426,615,617
1631126475687,0,325,631,636
1631126475687,0,249,630,639
1631126475709,0,404,613,618
1631126475709,0,158,629,643
1631126475725,0,381,607,621
1631126475741,0,64,625,645
1631126475741,0,340,606,625
1631126475756,0,0,626,647
1631126475772,0,291,596,625
1631126475772,0,0,621,646
1631126475787,0,210,590,625
1631126475803,0,123,594,623
1631126475810,0,0,613,642
1631126475825,0,43,595,620
1631126475825,0,0,609,643
1631126475841,0,0,587,620
1631126475856,0,0,604,643
1631126475872,0,0,582,620
1631126475872,0,0,603,642
1631126475888,0,0,577,619
1631126475904,0,0,596,637
1631126475910,0,0,581,641
1631126475925,0,0,563,619
1631126475925,0,0,573,641
1631126475941,0,0,556,614
1631126475957,0,0,547,635
1631126475972,0,0,548,617
1631126475972,0,0,506,635
1631126475988,0,0,539,613
1631126476003,0,0,441,634
1631126476010,0,0,535,612
1631126476026,0,0,360,637
1631126476026,0,0,282,632
1631126476041,0,0,501,606
1631126476057,0,0,196,631
1631126476057,0,0,461,608
1631126476072,0,0,100,630
1631126476088,0,0,404,604
1631126476104,0,0,14,626
1631126476110,0,0,325,603
1631126476110,0,0,0,619
1631126476125,0,0,251,599
1631126476141,0,0,178,594
1631126476157,0,0,0,613
1631126476157,0,0,90,589
1631126476172,0,0,0,608
1631126476188,0,0,0,586
1631126476188,0,0,0,603
1631126476210,0,0,0,577
1631126476210,0,0,0,597
1631126476226,0,0,0,572
1631126476242,0,0,0,587
1631126476242,0,0,0,577
1631126476257,0,0,0,555
1631126476273,0,0,0,546
1631126476289,0,0,0,548
1631126476289,0,0,0,503
1631126476311,0,0,0,541
1631126476311,0,0,0,436
1631126476326,0,0,0,531
1631126476342,0,0,0,356
1631126476342,0,0,0,519
1631126476357,0,0,0,502
1631126476373,0,0,0,171
1631126476373,0,0,0,457
1631126476389,0,0,0,74
1631126476404,0,0,0,400
1631126476410,0,0,0,1
1631126476426,0,0,0,329
1631126476442,0,0,0,0
1631126476442,0,0,0,257
1631126476457,0,0,0,0
1631126476473,0,0,0,168
1631126476473,0,0,0,86
1631126476489,0,0,0,0
1631126476504,0,0,0,0
1631126476510,0,0,0,0
1631126476526,0,0,0,0
1631126476526,0,0,0,0
1631126476542,0,0,0,0
1631126476557,0,0,0,0
1631126476573,0,0,0,0
1631126476573,0,0,0,0
1631126476589,0,0,0,0
1631126476604,0,0,0,0
1631126476611,0,0,0,0
1631126476626,0,0,0,0
1631126476626,0,0,0,0
1631126476642,0,0,0,0
1631126476658,0,0,0,0
1631126476673,0,0,0,0
1631126476673,0,0,0,0
1631126476689,0,0,0,0
1631126476705,0,0,0,0
1631126476711,0,0,0,0
1631126476727,0,0,0,0
1631126476727,0,0,0,0
1631126476742,0,0,0,0
1631126476758,0,0,0,0
1631126476758,0,0,0,0
1631126476773,0,0,0,0
1631126476789,0,0,0,0
1631126476789,0,0,0,0
1631126476811,0,0,0,0
1631126476811,0,0,0,0
1631126476827,0,0,0,0
1631126476843,0,0,0,0
1631126476858,0,0,0,0
1631126476858,17,0,0,0
1631126476874,13,0,0,0
1631126476889,30,0,0,0
1631126476889,28,0,0,0
1631126476912,52,0,0,0
1631126476912,64,0,0,0
1631126476950,61,0,0,0
1631126476950,79,0,0,0
1631126476953,76,0,0,0
1631126476968,99,0,0,0
1631126476968,93,0,0,0
1631126476984,114,0,0,0
1631126477000,108,0,0,0
1631126477012,131,0,0,0
1631126477012,121,0,0,0
1631126477034,135,0,0,0
1631126477034,154,0,0,0
1631126477050,143,0,0,0
1631126477066,162,0,0,0
1631126477066,153,0,0,0
1631126477081,171,0,0,0
1631126477097,163,0,0,0
1631126477097,185,14,0,0
1631126477112,174,5,0,0
1631126477128,195,33,0,0
1631126477128,186,23,0,0
1631126477143,195,35,0,0
1631126477159,217,54,0,0
1631126477175,205,48,0,0
1631126477175,227,66,0,0
1631126477190,220,61,0,0
1631126477206,238,81,0,0
1631126477212,232,77,0,0
1631126477228,257,93,0,0
1631126477228,244,88,0,0
1631126477244,261,108,0,0
1631126477259,276,123,15,0
1631126477259,262,116,11,0
1631126477275,286,135,31,0
1631126477291,279,127,27,0
1631126477306,297,149,43,0
1631126477313,290,139,42,0
1631126477328,311,160,58,0
1631126477328,302,151,55,0
1631126477344,320,171,72,0
1631126477360,311,162,73,0
1631126477360,317,172,82,0
1631126477377,339,194,105,0
1631126477393,329,184,100,0
1631126477393,349,200,117,0
1631126477413,335,196,112,0
1631126477413,354,216,132,0
1631126477429,341,205,125,0
1631126477445,360,224,146,0
1631126477460,345,215,141,0
1631126477460,365,238,162,0
1631126477478,347,226,153,0
1631126477478,353,239,169,0
1631126477494,373,260,189,0
1631126477514,360,248,180,0
1631126477514,380,272,200,0
1631126477529,363,261,197,0
1631126477545,381,281,212,0
1631126477545,365,275,209,0
1631126477561,383,292,230,5
1631126477576,369,289,219,4
1631126477592,389,306,241,15
1631126477592,390,315,252,35
1631126477614,377,310,245,31
1631126477614,396,333,263,50
1631126477630,383,321,258,44
1631126477646,403,340,276,62
1631126477646,383,331,271,60
1631126477661,411,355,288,77
1631126477677,387,342,280,72
1631126477677,411,365,302,92
1631126477692,393,354,292,89
1631126477708,400,355,302,101
1631126477715,417,378,321,117
1631126477731,404,365,310,115
1631126477731,423,383,331,136
1631126477747,406,367,320,129
1631126477763,428,388,345,146
1631126477778,406,372,336,147
1631126477778,429,397,356,165
1631126477794,412,375,346,158
1631126477809,433,397,359,180
1631126477815,440,403,376,188
1631126477831,422,388,369,184
1631126477831,445,410,389,204
1631126477846,426,391,377,195
1631126477862,447,410,397,218
1631126477862,428,396,389,208
1631126477877,451,415,408,226
1631126477893,428,399,398,221
1631126477908,453,416,425,244
1631126477915,437,400,414,235
1631126477931,460,423,436,248
1631126477931,465,428,445,263
1631126477947,445,411,435,254
1631126477962,465,435,460,277
1631126477962,444,417,446,271
1631126477978,469,434,465,290
1631126477994,450,420,457,280
1631126477994,474,438,478,303
1631126478016,451,418,466,295
1631126478016,476,438,489,311
1631126478031,455,424,469,296
1631126478047,461,431,476,313
1631126478063,480,451,499,333
1631126478063,461,434,483,324
1631126478078,485,457,507,343
1631126478094,468,436,487,332
1631126478094,491,458,510,354
1631126478116,471,442,494,343
1631126478116,488,469,513,367
1631126478132,471,444,495,354
1631126478148,491,468,516,371
1631126478148,495,472,525,386
1631126478163,475,456,509,374
1631126478179,499,477,528,397
1631126478179,475,457,510,386
1631126478194,494,480,533,410
1631126478210,477,460,511,397
1631126478217,497,483,537,419
1631126478232,481,465,517,411
1631126478248,497,491,537,429
1631126478248,472,468,524,427
1631126478264,476,474,528,433
1631126478279,494,494,545,455
1631126478279,469,476,533,444
1631126478295,490,498,548,468
1631126478310,472,481,533,452
1631126478317,493,504,555,476
1631126478333,469,482,537,464
1631126478348,493,506,559,483
1631126478348,470,484,537,470
1631126478364,493,511,562,493
1631126478379,470,492,548,478
1631126478379,472,491,550,486
1631126478395,488,515,573,502
1631126478411,467,501,551,487
1631126478417,488,516,574,509
1631126478433,465,499,561,494
1631126478433,484,520,579,512
1631126478448,456,502,559,497
1631126478464,478,517,582,520
1631126478479,461,498,565,498
1631126478479,482,524,584,525
1631126478495,482,524,595,525
1631126478511,457,504,573,507
1631126478517,477,527,593,533
1631126478533,452,506,577,514
1631126478533,475,526,599,535
1631126478549,451,504,580,519
1631126478564,470,525,601,540
1631126478564,447,508,584,521
1631126478580,463,526,604,545
1631126478596,442,507,581,514
1631126478596,438,499,590,533
1631126478617,458,522,613,551
1631126478617,430,503,593,535
1631126478633,451,524,615,558
1631126478649,427,497,600,539
1631126478665,442,521,621,558
1631126478665,426,501,602,543
1631126478680,439,524,622,562
1631126478696,415,502,607,544
1631126478696,425,520,626,568
1631126478718,396,521,634,570
1631126478718,402,496,611,554
1631126478734,346,516,635,575
1631126478749,393,493,615,558
1631126478749,290,515,636,579
1631126478765,382,492,614,562
1631126478781,209,513,642,584
1631126478796,373,490,619,565
1631126478796,131,514,649,588
1631126478812,352,490,619,573
1631126478818,315,487,622,575
1631126478834,0,509,642,596
1631126478850,260,485,621,578
1631126478850,0,507,645,599
1631126478865,185,482,621,585
1631126478881,0,500,644,604
1631126478881,105,480,619,586
1631126478897,0,502,643,606
1631126478912,28,476,620,589
1631126478919,0,492,639,614
1631126478935,0,469,615,590
1631126478950,0,464,619,595
1631126478950,0,484,640,620
1631126478966,0,461,618,600
1631126478981,0,477,640,620
1631126478981,0,454,616,600
1631126478997,0,470,638,626
1631126479013,0,446,616,605
1631126479019,0,450,637,628
1631126479035,0,440,616,610
1631126479035,0,439,630,636
1631126479050,0,402,635,634
1631126479066,0,427,613,614
1631126479081,0,342,632,636
1631126479081,0,417,607,618
1631126479097,0,267,627,643
1631126479112,0,404,610,622
1631126479119,0,186,634,642
1631126479135,0,387,607,620
1631126479135,0,99,625,645
1631126479150,0,361,606,619
1631126479166,0,307,602,624
1631126479166,0,0,622,644
1631126479181,0,251,601,623
1631126479197,0,0,619,645
1631126479197,0,166,597,625
1631126479219,0,0,617,645
1631126479219,0,79,594,624
1631126479235,0,0,611,643
1631126479251,0,9,586,621
1631126479267,0,0,611,647
1631126479267,0,0,602,642
1631126479282,0,0,580,620
1631126479298,0,0,598,640
1631126479298,0,0,576,619
1631126479320,0,0,589,639
1631126479320,0,0,564,616
1631126479335,0,0,583,640
1631126479351,0,0,564,615
1631126479351,0,0,564,637
1631126479367,0,0,559,616
1631126479382,0,0,535,637
1631126479398,0,0,483,635
1631126479398,0,0,536,612
1631126479420,0,0,415,633
1631126479420,0,0,526,611
1631126479441,0,0,336,634
1631126479441,0,0,511,607
1631126479456,0,0,240,628
1631126479472,0,0,484,607
1631126479472,0,0,144,627
1631126479488,0,0,441,603
1631126479503,0,0,376,605
1631126479519,0,0,0,624
1631126479520,0,0,304,599
1631126479539,0,0,0,621
1631126479539,0,0,227,596
1631126479555,0,0,0,615
1631126479571,0,0,141,591
1631126479571,0,0,0,613
1631126479586,0,0,50,585
1631126479602,0,0,0,605
1631126479617,0,0,0,601
1631126479620,0,0,0,579
1631126479636,0,0,0,593
1631126479636,0,0,0,568
1631126479652,0,0,0,584
1631126479668,0,0,0,562
1631126479683,0,0,0,569
1631126479683,0,0,0,554
1631126479699,0,0,0,537
1631126479715,0,0,0,549
1631126479720,0,0,0,539
1631126479736,0,0,0,404
1631126479736,0,0,0,528
1631126479752,0,0,0,327
1631126479768,0,0,0,517
1631126479768,0,0,0,236
1631126479783,0,0,0,484
1631126479799,0,0,0,144
1631126479799,0,0,0,438
1631126479821,0,0,0,48
1631126479821,0,0,0,372
1631126479836,0,0,0,299
1631126479852,0,0,0,0
1631126479868,0,0,0,218
1631126479868,0,0,0,0
1631126479883,0,0,0,136
1631126479899,0,0,0,0
1631126479899,0,0,0,50
1631126479921,0,0,0,0
1631126479921,0,0,0,0
1631126479937,0,0,0,0
1631126479953,0,0,0,0
1631126479953,0,0,0,0
1631126479968,0,0,0,0
1631126479984,0,0,0,0
1631126480000,0,0,0,0
1631126480000,0,0,0,0
1631126480022,0,0,0,0
1631126480022,0,0,0,0
1631126480037,0,0,0,0
1631126480053,0,0,0,0
1631126480053,0,0,0,0
1631126480068,0,0,0,0
1631126480084,0,0,0,0
1631126480084,0,0,0,0
1631126480100,0,0,0,0
1631126480115,0,0,0,0
1631126480121,0,0,0,0
1631126480137,0,0,0,0
1631126480153,0,0,0,0
1631126480153,0,0,0,0
1631126480168,0,0,0,0
1631126480184,0,0,0,0
1631126480184,0,0,0,0
1631126480200,0,0,0,0
1631126480215,0,0,0,0
1631126480221,0,0,0,0
1631126480239,0,0,0,0
1631126480239,0,0,0,0
1631126480253,0,0,0,0
1631126480269,0,0,0,0
1631126480285,0,0,0,0
1631126480285,0,0,0,0
1631126480300,4,0,0,0
1631126480316,1,0,0,0
1631126480322,18,0,0,0
1631126480338,9,0,0,0
1631126480338,30,0,0,0
1631126480353,30,0,0,0
1631126480369,47,0,0,0
1631126480369,36,0,0,0
1631126480385,59,0,0,0
1631126480401,74,0,0,0
1631126480401,66,0,0,0
1631126480422,85,0,0,0
1631126480438,78,0,0,0
1631126480438,99,0,0,0
1631126480453,89,0,0,0
1631126480469,118,0,0,0
1631126480469,105,0,0,0
1631126480484,121,0,0,0
1631126480500,116,0,0,0
1631126480500,129,0,0,0
1631126480522,148,0,0,0
1631126480522,137,0,0,0
1631126480538,157,0,0,0
1631126480553,149,0,0,0
1631126480569,168,0,0,0
1631126480569,158,0,0,0
1631126480585,180,7,0,0
1631126480600,173,5,0,0
1631126480600,191,21,0,0
1631126480622,199,33,0,0
1631126480622,194,29,0,0
1631126480638,216,51,0,0
1631126480654,204,47,0,0
1631126480654,224,63,0,0
1631126480669,216,59,0,0
1631126480685,236,78,0,0
1631126480701,227,70,0,0
1631126480701,243,90,0,0
1631126480722,238,78,0,0
1631126480722,260,104,0,0
1631126480739,270,118,9,0
1631126480755,258,110,2,0
1631126480755,284,129,20,0
1631126480770,272,122,21,0
1631126480786,298,140,37,0
1631126480786,284,132,33,0
1631126480801,306,151,55,0
1631126480817,296,144,44,0
1631126480822,315,169,62,0
1631126480838,305,156,62,0
1631126480854,315,164,75,0
1631126480854,332,187,95,0
1631126480869,323,176,90,0
1631126480885,346,199,109,0
1631126480885,327,187,105,0
1631126480901,350,210,124,0
1631126480916,332,197,121,0
1631126480922,352,219,136,0
1631126480938,341,207,137,0
1631126480938,360,228,148,0
1631126480955,366,243,167,0
1631126480970,348,234,161,0
1631126480970,371,252,180,0
1631126480986,350,244,173,0
1631126481002,376,264,194,0
1631126481018,357,254,189,0
1631126481023,377,272,209,0
1631126481039,360,267,203,0
1631126481039,382,287,221,0
1631126481054,366,278,210,0
1631126481070,371,291,227,7
1631126481070,388,308,243,25
1631126481086,373,308,238,22
1631126481102,394,325,255,40
1631126481117,378,312,251,40
1631126481123,399,334,269,51
1631126481139,383,327,262,53
1631126481139,398,346,281,68
1631126481154,384,340,273,67
1631126481170,409,356,289,85
1631126481170,390,344,282,82
1631126481185,396,351,295,89
1631126481201,415,373,314,113
1631126481201,399,361,310,107
1631126481223,422,381,329,127
1631126481223,402,365,320,123
1631126481239,423,388,338,141
1631126481255,409,369,330,140
1631126481270,425,388,349,151
1631126481270,413,379,340,149
1631126481286,433,397,360,171
1631126481302,438,400,372,182
1631126481302,418,382,361,180
1631126481324,440,404,383,196
1631126481324,424,389,373,192
1631126481339,442,407,394,210
1631126481355,424,389,384,200
1631126481355,447,413,406,221
1631126481370,435,396,395,217
1631126481386,452,419,424,234
1631126481386,432,403,410,230
1631126481402,439,405,426,244
1631126481418,461,430,451,267
1631126481424,444,410,437,261
1631126481439,465,434,463,283
1631126481455,446,416,450,272
1631126481455,473,438,476,295
1631126481472,453,421,462,291
1631126481488,472,444,489,310
1631126481488,452,424,472,305
1631126481503,477,449,497,330
1631126481519,487,452,500,340
1631126481523,462,436,488,329
1631126481539,486,459,509,354
1631126481539,466,441,493,345
1631126481555,487,465,516,366
1631126481570,470,444,499,356
1631126481586,493,470,519,380
1631126481586,471,454,503,375
1631126481602,493,477,526,396
1631126481617,473,456,507,381
1631126481624,494,479,529,408
1631126481639,492,481,533,420
1631126481639,469,464,521,413
1631126481655,495,486,540,439
1631126481671,472,470,522,430
1631126481686,493,493,543,451
1631126481686,473,475,529,441
1631126481702,494,497,548,464
1631126481718,472,475,530,452
1631126481724,489,495,551,471
1631126481739,472,477,538,463
1631126481739,471,486,541,467
1631126481755,487,506,565,489
1631126481771,469,489,543,476
1631126481771,487,510,565,499
1631126481786,467,489,549,484
1631126481802,485,514,565,502
1631126481802,468,493,555,488
1631126481824,485,512,575,510
1631126481824,463,500,554,493
1631126481840,485,518,581,515
1631126481855,482,521,581,522
1631126481871,462,498,564,504
1631126481871,483,521,587,522
1631126481887,458,504,568,509
1631126481902,479,524,589,528
1631126481902,453,501,573,506
1631126481924,480,523,593,532
1631126481924,453,509,578,515
1631126481940,476,524,600,534
1631126481956,450,505,581,526
1631126481956,446,504,584,524
1631126481971,465,522,610,544
1631126481987,443,500,587,527
1631126482003,458,523,610,549
1631126482003,439,501,592,532
1631126482024,455,522,613,552
1631126482024,431,500,594,538
1631126482040,443,520,616,556
1631126482056,427,499,594,539
1631126482056,442,519,625,561
1631126482071,428,521,625,571
1631126482087,407,498,602,549
1631126482087,405,518,628,572
1631126482103,401,495,608,553
1631126482118,359,517,631,576
1631126482124,393,493,610,558
1631126482140,299,514,635,577
1631126482156,384,493,612,563
1631126482156,224,511,636,584
1631126482171,373,481,612,565
1631126482187,139,514,632,586
1631126482187,47,511,640,593
1631126482203,313,488,621,575
1631126482218,0,507,644,594
1631126482224,265,482,620,575
1631126482240,0,505,640,600
1631126482240,198,479,620,581
1631126482256,0,503,642,601
1631126482271,126,482,621,583
1631126482287,0,495,640,605
1631126482287,25,471,627,586
1631126482303,0,468,619,593
1631126482318,0,486,639,612
1631126482325,0,466,617,596
1631126482340,0,480,638,616
1631126482340,0,455,615,598
1631126482356,0,476,637,619
1631126482372,0,454,618,602
1631126482372,0,466,636,626
1631126482387,0,449,617,605
1631126482403,0,455,634,630
1631126482419,0,431,637,629
1631126482425,0,433,615,613
1631126482440,0,380,633,636
1631126482440,0,424,609,615
1631126482456,0,311,632,634
1631126482472,0,412,608,618
1631126482472,0,242,628,640
1631126482487,0,401,606,621
1631126482503,0,159,628,641
1631126482503,0,382,611,624
1631126482525,0,338,604,621
1631126482525,0,0,621,642
1631126482541,0,271,605,624
1631126482556,0,0,618,647
1631126482572,0,209,599,625
1631126482572,0,0,619,641
1631126482588,0,118,593,623
1631126482604,0,0,615,643
1631126482604,0,38,589,621
1631126482626,0,0,604,645
1631126482626,0,0,585,624
1631126482641,0,0,579,619
1631126482657,0,0,599,640
1631126482657,0,0,574,621
1631126482672,0,0,592,636
1631126482688,0,0,570,617
1631126482704,0,0,583,640
1631126482704,0,0,561,620
1631126482726,0,0,570,636
1631126482726,0,0,551,616
1631126482741,0,0,546,631
1631126482757,0,0,496,638
1631126482757,0,0,538,612
1631126482772,0,0,439,630
1631126482788,0,0,530,611
1631126482788,0,0,358,633
1631126482804,0,0,519,611
1631126482819,0,0,283,632
1631126482826,0,0,501,608
1631126482841,0,0,197,629
1631126482857,0,0,454,608
1631126482857,0,0,406,604
1631126482872,0,0,9,624
1631126482888,0,0,333,599
1631126482888,0,0,0,619
1631126482904,0,0,257,596
1631126482920,0,0,0,619
1631126482926,0,0,173,592
1631126482941,0,0,0,613
1631126482941,0,0,93,587
1631126482957,0,0,0,612
1631126482973,0,0,0,603
1631126482988,0,0,0,576
1631126482988,0,0,0,593
1631126483004,0,0,0,570
1631126483020,0,0,0,586
1631126483026,0,0,0,562
1631126483042,0,0,0,577
1631126483042,0,0,0,556
1631126483057,0,0,0,551
1631126483073,0,0,0,549
1631126483073,0,0,0,506
1631126483088,0,0,0,452
1631126483104,0,0,0,542
1631126483120,0,0,0,372
1631126483126,0,0,0,523
1631126483126,0,0,0,285
1631126483142,0,0,0,503
1631126483157,0,0,0,200
1631126483173,0,0,0,472
1631126483173,0,0,0,105
1631126483189,0,0,0,420
1631126483205,0,0,0,357
1631126483205,0,0,0,0
1631126483227,0,0,0,278
1631126483227,0,0,0,0
1631126483242,0,0,0,195
1631126483258,0,0,0,0
1631126483258,0,0,0,104
1631126483274,0,0,0,0
1631126483289,0,0,0,14
1631126483305,0,0,0,0
1631126483305,0,0,0,0
1631126483327,0,0,0,0
1631126483327,0,0,0,0
1631126483343,0,0,0,0
1631126483358,0,0,0,0
1631126483358,0,0,0,0
1631126483374,0,0,0,0
1631126483389,0,0,0,0
1631126483389,0,0,0,0
1631126483405,0,0,0,0
1631126483421,0,0,0,0
1631126483427,0,0,0,0
1631126483443,0,0,0,0
1631126483459,0,0,0,0
1631126483459,0,0,0,0
1631126483474,0,0,0,0
1631126483490,0,0,0,0
1631126483490,0,0,0,0
1631126483506,0,0,0,0
1631126483521,0,0,0,0
1631126483527,0,0,0,0
1631126483543,0,0,0,0
1631126483543,0,0,0,0
1631126483559,0,0,0,0
1631126483574,0,0,0,0
1631126483590,0,0,0,0
1631126483590,0,0,0,0
1631126483606,0,0,0,0
1631126483621,0,0,0,0
1631126483628,0,0,0,0
1631126483643,0,0,0,0
1631126483643,0,0,0,0
1631126483659,0,0,0,0
1631126483674,0,0,0,0
1631126483674,12,0,0,0
1631126483690,3,0,0,0
1631126483706,22,0,0,0
1631126483722,21,0,0,0
1631126483728,40,0,0,0
1631126483744,33,0,0,0
1631126483744,49,0,0,0
1631126483760,65,0,0,0
1631126483775,59,0,0,0
1631126483775,78,0,0,0
1631126483791,74,0,0,0
1631126483806,88,0,0,0
1631126483806,85,0,0,0
1631126483829,105,0,0,0
1631126483829,98,0,0,0
1631126483844,117,0,0,0
1631126483860,108,0,0,0
1631126483860,122,0,0,0
1631126483875,140,0,0,0
1631126483891,133,0,0,0
1631126483907,151,0,0,0
1631126483907,143,0,0,0
1631126483929,162,0,0,0
1631126483929,154,0,0,0
1631126483945,175,0,0,0
1631126483963,168,0,0,0
1631126483963,187,12,0,0
1631126483979,176,12,0,0
1631126483994,188,24,0,0
1631126483994,206,46,0,0
1631126484010,202,38,0,0
1631126484026,219,58,0,0
1631126484029,209,54,0,0
1631126484045,232,71,0,0
1631126484060,222,65,0,0
1631126484060,246,86,0,0
1631126484078,234,86,0,0
1631126484094,260,102,0,0
1631126484094,270,116,9,0
1631126484109,258,107,6,0
1631126484125,284,130,25,0
1631126484129,272,125,22,0
1631126484145,294,145,36,0
1631126484145,285,135,37,0
1631126484160,313,156,53,0
1631126484176,299,149,52,0
1631126484192,318,170,71,0
1631126484192,309,159,71,0
1631126484207,321,174,85,0
1631126484223,341,192,102,0
1631126484229,326,186,100,0
1631126484245,347,208,118,0
1631126484245,334,197,117,0
1631126484260,355,217,132,0
1631126484276,342,210,129,0
1631126484276,359,231,151,0
1631126484292,346,221,148,0
1631126484307,367,242,161,0
1631126484323,368,259,178,0
1631126484330,358,246,176,0
1631126484346,376,267,196,0
1631126484346,360,256,190,0
1631126484361,377,280,211,0
1631126484377,367,273,209,0
1631126484377,382,288,224,0
1631126484392,371,284,217,0
1631126484408,386,303,239,15
1631126484408,376,299,239,14
1631126484430,378,313,243,31
1631126484430,397,332,269,50
1631126484446,383,325,260,50
1631126484462,402,346,282,66
1631126484477,388,337,273,64
1631126484477,408,357,294,80
1631126484493,393,345,285,80
1631126484509,415,366,306,99
1631126484509,397,357,298,96
1631126484531,417,376,321,112
1631126484531,401,361,308,112
1631126484547,405,365,320,128
1631126484562,426,389,342,141
1631126484562,409,374,334,142
1631126484578,433,395,353,156
1631126484594,411,377,345,156
1631126484594,435,399,364,174
1631126484609,414,383,358,171
1631126484631,443,405,376,189
1631126484631,419,387,368,186
1631126484647,442,408,392,204
1631126484662,446,414,403,217
1631126484662,432,396,394,214
1631126484678,452,414,414,232
1631126484694,432,402,405,227
1631126484694,456,422,428,245
1631126484709,439,406,420,237
1631126484725,460,426,444,261
1631126484731,446,408,433,253
1631126484747,464,428,451,274
1631126484747,443,412,444,268
1631126484762,448,417,455,277
1631126484778,471,441,476,297
1631126484794,454,421,465,291
1631126484794,477,445,486,314
1631126484809,457,426,473,306
1631126484825,480,449,495,324
1631126484831,460,430,482,316
1631126484847,483,447,500,337
1631126484847,463,433,489,329
1631126484862,487,458,505,347
1631126484878,490,463,511,362
1631126484878,468,445,498,351
1631126484893,491,466,518,372
1631126484909,470,451,505,364
1631126484925,493,470,522,386
1631126484931,473,453,507,374
1631126484947,497,476,525,400
1631126484947,478,455,513,390
1631126484963,496,483,534,413
1631126484979,473,464,524,403
1631126484979,478,464,519,412
1631126484994,493,491,542,439
1631126485010,472,470,526,430
1631126485010,493,492,544,454
1631126485032,476,474,530,444
1631126485032,493,496,548,461
1631126485048,474,477,533,452
1631126485064,492,499,556,476
1631126485079,475,483,537,463
1631126485079,491,504,558,487
1631126485095,469,484,538,468
1631126485110,468,486,545,480
1631126485110,488,511,566,502
1631126485133,464,489,549,484
1631126485133,487,514,575,504
1631126485148,461,496,554,494
1631126485164,488,518,577,512
1631126485164,460,498,559,497
1631126485179,481,516,584,518
1631126485195,460,500,562,502
1631126485211,485,522,589,522
1631126485211,479,524,593,526
1631126485233,459,501,574,510
1631126485233,475,524,599,533
1631126485255,452,503,574,515
1631126485255,475,524,601,537
1631126485271,450,504,580,519
1631126485287,473,522,606,539
1631126485287,441,499,585,523
1631126485302,463,520,605,546
1631126485318,440,503,587,521
1631126485318,433,505,596,532
1631126485333,449,522,618,554
1631126485349,424,497,595,536
1631126485364,445,521,618,560
1631126485364,418,499,603,543
1631126485380,433,523,624,565
1631126485396,419,499,603,547
1631126485396,412,524,630,572
1631126485411,412,494,609,553
1631126485427,369,518,632,579
1631126485433,303,516,636,579
1631126485449,385,494,615,558
1631126485449,217,517,636,579
1631126485465,371,490,616,564
1631126485481,126,513,638,587
1631126485481,350,490,618,569
1631126485498,24,513,642,591
1631126485513,303,486,620,571
1631126485513,0,510,644,596
1631126485533,237,489,618,579
1631126485549,155,479,621,582
1631126485549,0,500,641,604
1631126485564,60,478,620,586
1631126485580,0,495,641,607
1631126485580,0,470,620,590
1631126485596,0,490,642,613
1631126485611,0,465,618,595
1631126485627,0,484,639,617
1631126485634,0,454,616,598
1631126485649,0,478,645,623
1631126485649,0,468,635,625
1631126485665,0,442,614,606
1631126485681,0,448,639,629
1631126485681,0,435,613,609
1631126485696,0,409,634,631
1631126485712,0,426,616,611
1631126485712,0,351,632,636
1631126485734,0,415,613,616
1631126485734,0,271,631,641
1631126485750,0,403,604,617
1631126485766,0,169,628,640
1631126485766,0,77,630,644
1631126485781,0,338,604,622
1631126485797,0,0,629,644
1631126485813,0,273,600,622
1631126485813,0,0,621,644
1631126485834,0,184,596,627
1631126485834,0,0,620,644
1631126485850,0,99,593,627
1631126485866,0,0,607,643
1631126485866,0,0,585,624
1631126485881,0,0,582,618
1631126485897,0,0,598,639
1631126485897,0,0,578,620
1631126485913,0,0,594,639
1631126485928,0,0,570,618
1631126485934,0,0,587,642
1631126485955,0,0,562,618
1631126485955,0,0,572,639
1631126485971,0,0,553,617
1631126485987,0,0,541,633
1631126485987,0,0,485,638
1631126486002,0,0,540,614
1631126486018,0,0,418,632
1631126486018,0,0,529,611
1631126486034,0,0,324,634
1631126486050,0,0,513,610
1631126486050,0,0,240,632
1631126486066,0,0,484,608
1631126486081,0,0,139,628
1631126486097,0,0,426,603
1631126486097,0,0,369,603
1631126486113,0,0,0,623
1631126486128,0,0,289,599
1631126486134,0,0,0,622
1631126486150,0,0,199,593
1631126486150,0,0,0,615
1631126486166,0,0,108,587
1631126486182,0,0,0,609
1631126486182,0,0,23,585
1631126486197,0,0,0,606
1631126486213,0,0,0,595
1631126486229,0,0,0,575
1631126486235,0,0,0,589
1631126486251,0,0,0,565
1631126486251,0,0,0,580
1631126486266,0,0,0,555
1631126486282,0,0,0,552
1631126486282,0,0,0,550
1631126486298,0,0,0,505
1631126486313,0,0,0,542
1631126486313,0,0,0,531
1631126486335,0,0,0,357
1631126486335,0,0,0,518
1631126486351,0,0,0,264
1631126486367,0,0,0,498
1631126486383,0,0,0,173
1631126486383,0,0,0,451
1631126486398,0,0,0,81
1631126486414,0,0,0,393
1631126486414,0,0,0,0
1631126486436,0,0,0,320
1631126486436,0,0,0,235
1631126486451,0,0,0,0
1631126486467,0,0,0,140
1631126486467,0,0,0,0
1631126486482,0,0,0,46
1631126486498,0,0,0,0
1631126486514,0,0,0,0
1631126486514,0,0,0,0
1631126486536,0,0,0,0
1631126486536,0,0,0,0
1631126486552,0,0,0,0
1631126486567,0,0,0,0
1631126486567,0,0,0,0
1631126486583,0,0,0,0
1631126486599,0,0,0,0
1631126486599,0,0,0,0
1631126486614,0,0,0,0
1631126486630,0,0,0,0
1631126486636,0,0,0,0
1631126486652,0,0,0,0
1631126486667,0,0,0,0
1631126486667,0,0,0,0
1631126486683,0,0,0,0
1631126486699,0,0,0,0
1631126486699,0,0,0,0
1631126486714,0,0,0,0
1631126486730,0,0,0,0
1631126486736,0,0,0,0
1631126486752,0,0,0,0
1631126486752,0,0,0,0
1631126486767,0,0,0,0
1631126486783,0,0,0,0
1631126486799,0,0,0,0
1631126486799,0,0,0,0
1631126486815,0,0,0,0
1631126486830,0,0,0,0
1631126486836,0,0,0,0
1631126486852,0,0,0,0
1631126486852,0,0,0,0
1631126486868,4,0,0,0
1631126486883,18,0,0,0
1631126486883,9,0,0,0
1631126486899,32,0,0,0
1631126486915,29,0,0,0
1631126486930,47,0,0,0
1631126486937,43,0,0,0
1631126486952,59,0,0,0
1631126486952,54,0,0,0
1631126486968,78,0,0,0
1631126486984,70,0,0,0
1631126486984,82,0,0,0
1631126487001,101,0,0,0
1631126487017,96,0,0,0
1631126487017,116,0,0,0
1631126487037,109,0,0,0
1631126487037,128,0,0,0
1631126487053,121,0,0,0
1631126487069,138,0,0,0
1631126487069,133,0,0,0
1631126487084,152,0,0,0
1631126487100,145,0,0,0
1631126487116,153,0,0,0
1631126487116,173,2,0,0
1631126487138,165,0,0,0
1631126487138,183,15,0,0
1631126487153,177,11,0,0
1631126487169,198,33,0,0
1631126487169,186,26,0,0
1631126487185,213,47,0,0
1631126487200,201,40,0,0
1631126487216,222,61,0,0
1631126487216,234,70,0,0
1631126487232,223,68,0,0
1631126487238,245,88,0,0
1631126487253,236,84,0,0
1631126487269,256,98,0,0
1631126487269,250,99,0,0
1631126487285,273,120,7,0
1631126487300,262,109,6,0
1631126487300,284,136,22,0
1631126487316,275,123,24,0
1631126487332,286,138,36,0
1631126487338,306,155,51,0
1631126487354,297,146,52,0
1631126487354,318,169,72,0
1631126487369,311,160,66,0
1631126487385,331,181,86,0
1631126487401,323,171,84,0
1631126487401,338,197,101,0
1631126487416,324,185,97,0
1631126487432,345,204,116,0
1631126487438,353,217,131,0
1631126487454,338,207,128,0
1631126487454,358,223,144,0
1631126487469,342,215,141,0
1631126487485,364,239,161,0
1631126487485,346,228,153,0
1631126487501,367,249,174,0
1631126487516,351,245,169,0
1631126487532,374,261,195,0
1631126487538,358,251,189,0
1631126487554,361,267,194,0
1631126487554,384,284,217,0
1631126487569,364,279,212,0
1631126487585,388,297,232,8
1631126487585,373,290,224,2
1631126487601,389,311,248,24
1631126487617,373,303,238,22
1631126487617,395,324,260,41
1631126487638,378,316,250,35
1631126487638,399,336,270,54
1631126487654,402,348,287,70
1631126487670,395,334,277,67
1631126487686,409,355,295,87
1631126487686,393,345,285,83
1631126487701,416,368,310,99
1631126487717,396,357,297,98
1631126487717,416,372,320,117
1631126487739,401,362,311,112
1631126487739,424,379,332,130
1631126487754,405,368,322,128
1631126487770,425,389,339,142
1631126487770,430,395,352,167
1631126487786,411,379,345,155
1631126487802,438,402,365,175
1631126487817,416,383,357,169
1631126487817,440,404,377,189
1631126487839,423,386,368,182
1631126487839,440,408,391,205
1631126487854,427,389,380,198
1631126487870,447,405,396,217
1631126487870,428,396,393,212
1631126487886,433,401,406,228
1631126487902,454,420,426,246
1631126487902,433,405,420,242
1631126487917,458,426,436,256
1631126487933,440,407,430,249
1631126487939,463,431,451,271
1631126487954,448,412,442,261
1631126487970,465,439,462,286
1631126487970,448,421,457,276
1631126487986,470,436,476,300
1631126488002,475,448,485,306
1631126488002,454,427,470,301
1631126488017,475,449,491,320
1631126488033,455,433,480,310
1631126488039,481,453,501,330
1631126488055,464,434,485,325
1631126488055,483,454,506,342
1631126488070,466,446,493,335
1631126488086,489,459,511,354
1631126488102,471,442,488,349
1631126488102,470,446,498,357
1631126488117,493,471,519,381
1631126488133,472,451,501,372
1631126488139,492,472,525,392
1631126488155,473,453,507,381
1631126488155,496,476,527,405
1631126488170,473,459,513,394
1631126488186,491,482,535,419
1631126488186,471,462,514,408
1631126488202,494,486,539,431
1631126488218,495,487,539,443
1631126488233,474,471,525,431
1631126488239,495,495,543,457
1631126488255,474,474,531,441
1631126488255,491,498,553,468
1631126488271,469,477,533,455
1631126488287,492,502,555,477
1631126488287,472,484,537,463
1631126488302,487,499,561,484
1631126488318,469,482,543,475
1631126488318,493,506,563,491
1631126488340,486,513,566,503
1631126488340,467,490,551,490
1631126488355,486,516,573,508
1631126488371,464,495,556,492
1631126488387,487,516,576,512
1631126488387,463,499,558,498
1631126488402,482,522,583,515
1631126488418,454,496,562,500
1631126488418,483,523,579,523
1631126488440,456,503,558,506
1631126488440,453,502,574,507
1631126488456,477,523,594,529
1631126488471,452,503,576,514
1631126488471,475,525,599,532
1631126488487,450,503,580,519
1631126488504,470,525,604,542
1631126488504,447,501,583,527
1631126488520,467,529,605,543
1631126488536,440,503,590,528
1631126488540,461,523,608,549
1631126488556,456,521,613,552
1631126488572,430,499,595,532
1631126488579,448,521,620,556
1631126488589,425,497,600,541
1631126488604,439,523,620,564
1631126488604,414,499,601,547
1631126488620,432,521,623,564
1631126488636,412,502,605,551
1631126488640,402,522,633,572
1631126488656,396,496,606,558
1631126488656,391,495,614,556
1631126488672,280,518,630,579
1631126488687,378,490,615,560
1631126488703,195,515,636,584
1631126488703,369,490,617,566
1631126488718,98,515,640,585
1631126488734,345,491,618,569
1631126488740,11,512,641,593
1631126488756,298,483,629,573
1631126488756,0,508,642,598
1631126488772,0,508,642,599
1631126488787,151,478,620,584
1631126488803,0,501,639,604
1631126488803,61,474,620,586
1631126488819,0,495,639,608
1631126488834,0,472,620,589
1631126488840,0,491,641,611
1631126488856,0,463,617,593
1631126488856,0,483,638,614
1631126488872,0,457,620,600
1631126488888,0,456,616,600
1631126488888,0,467,637,624
1631126488903,0,445,616,606
1631126488919,0,457,634,626
1631126488934,0,437,616,609
1631126488941,0,429,635,628
1631126488941,0,428,612,611
1631126488956,0,379,634,633
1631126488972,0,421,610,615
1631126488988,0,323,632,635
1631126488988,0,414,613,618
1631126489003,0,401,607,618
1631126489019,0,143,631,642
1631126489019,0,374,604,620
1631126489041,0,42,625,642
1631126489041,0,325,606,621
1631126489057,0,0,627,643
1631126489072,0,258,598,621
1631126489072,0,0,618,642
1631126489088,0,176,598,622
1631126489104,0,0,617,645
1631126489120,0,0,614,642
1631126489120,0,0,585,622
1631126489142,0,0,606,636
1631126489142,0,0,581,621
1631126489157,0,0,601,639
1631126489173,0,0,577,623
1631126489173,0,0,595,637
1631126489189,0,0,572,618
1631126489204,0,0,579,640
1631126489204,0,0,564,614
1631126489220,0,0,557,617
1631126489235,0,0,543,638
1631126489242,0,0,546,614
1631126489257,0,0,502,635
1631126489273,0,0,538,613
1631126489273,0,0,435,635
1631126489289,0,0,531,610
1631126489304,0,0,354,632
1631126489304,0,0,515,609
1631126489320,0,0,253,627
1631126489336,0,0,164,628
1631126489342,0,0,445,606
1631126489357,0,0,58,626
1631126489357,0,0,378,606
1631126489373,0,0,0,626
1631126489389,0,0,303,598
1631126489404,0,0,0,623
1631126489404,0,0,219,594
1631126489420,0,0,0,616
1631126489436,0,0,129,589
1631126489442,0,0,32,587
1631126489457,0,0,0,604
1631126489457,0,0,0,579
1631126489473,0,0,0,597
1631126489489,0,0,0,571
1631126489504,0,0,0,590
1631126489504,0,0,0,564
1631126489520,0,0,0,577
1631126489536,0,0,0,555
1631126489542,0,0,0,557
1631126489558,0,0,0,510
1631126489558,0,0,0,542
1631126489573,0,0,0,438
1631126489589,0,0,0,531
1631126489589,0,0,0,361
1631126489605,0,0,0,517
1631126489620,0,0,0,262
1631126489620,0,0,0,496
1631126489643,0,0,0,176
1631126489643,0,0,0,450
1631126489658,0,0,0,65
1631126489674,0,0,0,0
1631126489690,0,0,0,311
1631126489690,0,0,0,0
1631126489705,0,0,0,218
1631126489721,0,0,0,0
1631126489721,0,0,0,126
1631126489743,0,0,0,0
1631126489743,0,0,0,42
1631126489767,0,0,0,0
1631126489767,0,0,0,0
1631126489783,0,0,0,0
1631126489799,0,0,0,0
1631126489799,0,0,0,0
1631126489814,0,0,0,0
1631126489830,0,0,0,0
1631126489844,0,0,0,0
1631126489844,0,0,0,0
1631126489860,0,0,0,0
1631126489875,0,0,0,0
1631126489875,0,0,0,0
1631126489891,0,0,0,0
1631126489906,0,0,0,0
1631126489906,0,0,0,0
1631126489922,0,0,0,0
1631126489938,0,0,0,0
1631126489944,0,0,0,0
1631126489960,0,0,0,0
1631126489960,0,0,0,0
1631126489975,0,0,0,0
1631126489991,0,0,0,0
1631126490007,0,0,0,0
1631126490007,0,0,0,0
1631126490022,0,0,0,0
1631126490038,0,0,0,0
1631126490044,0,0,0,0
1631126490060,0,0,0,0
1631126490060,0,0,0,0
1631126490075,0,0,0,0
1631126490091,0,0,0,0
1631126490091,0,0,0,0
1631126490107,0,0,0,0
1631126490122,6,0,0,0
1631126490138,3,0,0,0
1631126490144,22,0,0,0
1631126490160,18,0,0,0
1631126490160,36,0,0,0
1631126490176,33,0,0,0
1631126490191,48,0,0,0
1631126490191,43,0,0,0
1631126490207,67,0,0,0
1631126490222,76,0,0,0
1631126490222,75,0,0,0
1631126490245,92,0,0,0
1631126490245,82,0,0,0
1631126490260,105,0,0,0
1631126490276,96,0,0,0
1631126490292,120,0,0,0
1631126490292,110,0,0,0
1631126490308,135,0,0,0
1631126490323,126,0,0,0
1631126490323,135,0,0,0
1631126490345,153,0,0,0
1631126490345,143,0,0,0
1631126490361,166,0,0,0
1631126490377,156,0,0,0
1631126490377,175,7,0,0
1631126490392,165,1,0,0
1631126490408,183,18,0,0
1631126490423,182,17,0,0
1631126490423,197,33,0,0
1631126490446,210,50,0,0
1631126490446,202,46,0,0
1631126490462,224,68,0,0
1631126490477,214,60,0,0
1631126490477,233,82,0,0
1631126490501,229,73,0,0
1631126490512,248,94,0,0
1631126490512,239,91,0,0
1631126490528,261,103,2,0
1631126490544,253,99,0,0
1631126490546,274,125,14,0
1631126490562,289,136,35,0
1631126490577,276,130,27,0
1631126490577,300,148,49,0
1631126490593,291,143,46,0
1631126490609,311,162,62,0
1631126490609,305,157,63,0
1631126490624,319,176,80,0
1631126490640,309,169,76,0
1631126490646,336,190,97,0
1631126490662,325,178,95,0
1631126490662,327,191,111,0
1631126490677,352,212,129,0
1631126490693,338,202,126,0
1631126490708,358,219,143,0
1631126490708,344,211,140,0
1631126490732,362,234,156,0
1631126490732,344,226,153,0
1631126490746,373,243,173,0
1631126490762,350,235,169,0
1631126490762,370,255,188,0
1631126490777,376,269,202,0
1631126490793,357,261,194,0
1631126490793,382,281,216,0
1631126490809,365,271,211,0
1631126490824,385,296,229,7
1631126490840,368,289,224,3
1631126490847,392,310,242,23
1631126490863,372,299,236,24
1631126490863,394,326,255,40
1631126490878,379,315,248,36
1631126490894,382,325,261,50
1631126490894,404,346,284,69
1631126490909,386,336,274,68
1631126490925,407,354,295,85
1631126490925,390,347,283,83
1631126490947,412,366,306,99
1631126490947,393,352,298,96
1631126490963,424,376,319,117
1631126490979,402,364,314,112
1631126490995,421,380,331,128
1631126490995,425,387,345,142
1631126491010,410,373,333,142
1631126491026,430,394,355,163
1631126491026,411,375,343,158
1631126491048,437,398,365,178
1631126491048,415,381,356,172
1631126491063,435,402,370,191
1631126491079,423,388,368,186
1631126491079,443,412,387,208
1631126491095,424,392,380,200
1631126491110,431,396,393,212
1631126491126,452,415,413,235
1631126491126,430,401,404,228
1631126491141,455,419,423,243
1631126491156,437,406,418,240
1631126491166,458,425,441,257
1631126491166,441,405,431,252
1631126491182,463,433,453,274
1631126491198,445,419,446,266
1631126491198,467,436,462,283
1631126491214,470,438,480,296
1631126491230,453,422,464,290
1631126491245,473,442,485,310
1631126491248,456,428,474,304
1631126491264,478,449,494,320
1631126491264,460,429,479,316
1631126491280,481,450,501,330
1631126491295,458,435,488,324
1631126491311,487,456,505,342
1631126491311,465,442,488,341
1631126491327,470,439,495,346
1631126491342,491,464,514,367
1631126491348,468,445,497,358
1631126491364,489,471,520,381
1631126491364,471,452,505,368
1631126491379,494,475,525,391
1631126491395,467,456,508,383
1631126491411,497,479,529,406
1631126491411,465,456,513,396
1631126491432,496,487,532,422
1631126491432,473,466,519,409
1631126491454,471,466,523,424
1631126491454,495,491,541,442
1631126491467,471,473,528,432
1631126491482,495,493,549,459
1631126491498,471,474,530,444
1631126491498,492,497,554,470
1631126491514,466,477,533,456
1631126491529,489,507,556,477
1631126491529,468,484,541,468
1631126491549,484,508,555,485
1631126491549,487,510,564,497
1631126491565,465,489,548,484
1631126491580,485,511,569,503
1631126491596,466,492,553,489
1631126491596,488,518,572,511
1631126491612,463,496,556,490
1631126491627,489,518,577,513
1631126491627,460,497,561,498
1631126491650,484,518,579,519
1631126491650,469,504,559,505
1631126491665,457,499,567,507
1631126491681,477,522,592,528
1631126491681,455,502,572,511
1631126491697,477,525,595,526
1631126491713,452,501,575,517
1631126491728,471,523,593,535
1631126491728,451,502,582,521
1631126491750,465,523,604,541
1631126491750,442,498,581,521
1631126491766,463,524,599,545
1631126491781,460,522,611,548
1631126491781,430,502,592,530
1631126491797,450,520,615,554
1631126491812,427,501,595,533
1631126491812,442,521,618,560
1631126491828,416,502,598,541
1631126491844,434,520,621,563
1631126491850,411,501,602,548
1631126491866,420,522,626,568
1631126491881,404,496,604,556
1631126491881,395,491,607,556
1631126491897,320,515,631,577
1631126491913,385,493,612,561
1631126491913,240,514,636,580
1631126491936,374,491,613,563
1631126491936,150,513,637,584
1631126491950,367,487,614,566
1631126491966,56,517,640,590
1631126491966,318,489,622,572
1631126491981,0,506,640,598
1631126491997,0,504,642,597
1631126492013,175,478,619,581
1631126492013,0,500,637,605
1631126492028,89,475,620,583
1631126492044,0,496,640,606
1631126492050,3,470,617,584
1631126492066,0,493,637,609
1631126492066,0,465,621,591
1631126492081,0,488,641,615
1631126492097,0,460,616,597
1631126492097,0,455,614,600
1631126492113,0,468,639,621
1631126492129,0,446,612,601
1631126492144,0,458,639,625
1631126492151,0,440,611,607
1631126492167,0,434,634,630
1631126492167,0,432,611,610
1631126492187,0,381,632,632
1631126492187,0,423,612,610
1631126492203,0,316,637,639
1631126492219,0,231,629,638
1631126492219,0,400,609,615
1631126492234,0,136,624,638
1631126492251,0,372,607,618
1631126492251,0,34,624,641
1631126492266,0,329,601,620
1631126492282,0,0,622,641
1631126492298,0,260,600,619
1631126492298,0,0,621,641
1631126492313,0,178,597,619
1631126492331,0,0,621,641
1631126492331,0,0,610,641
1631126492351,0,0,587,621
1631126492351,0,0,606,639
1631126492367,0,0,581,618
1631126492383,0,0,600,639
1631126492383,0,0,575,620
1631126492398,0,0,592,639
1631126492414,0,0,570,619
1631126492430,0,0,584,637
1631126492430,0,0,559,613
1631126492452,0,0,549,616
1631126492452,0,0,530,635
1631126492467,0,0,543,615
1631126492483,0,0,467,631
1631126492483,0,0,532,612
1631126492498,0,0,376,634
1631126492514,0,0,520,609
1631126492514,0,0,282,631
1631126492530,0,0,499,608
1631126492545,0,0,178,627
1631126492551,0,0,64,628
1631126492567,0,0,381,600
1631126492583,0,0,0,623
1631126492583,0,0,290,596
1631126492599,0,0,0,617
1631126492614,0,0,192,596
1631126492614,0,0,0,613
1631126492630,0,0,93,588
1631126492645,0,0,0,609
1631126492651,0,0,0,582
1631126492667,0,0,0,569
1631126492667,0,0,0,592
1631126492683,0,0,0,567
1631126492699,0,0,0,582
1631126492714,0,0,0,558
1631126492714,0,0,0,554
1631126492730,0,0,0,549
1631126492746,0,0,0,501
1631126492752,0,0,0,538
1631126492768,0,0,0,416
1631126492768,0,0,0,339
1631126492783,0,0,0,510
1631126492799,0,0,0,228
1631126492799,0,0,0,478
1631126492815,0,0,0,118
1631126492830,0,0,0,417
1631126492846,0,0,0,19
1631126492852,0,0,0,336
1631126492868,0,0,0,0
1631126492868,0,0,0,246
1631126492883,0,0,0,144
1631126492899,0,0,0,0
1631126492899,0,0,0,46
1631126492914,0,0,0,0
1631126492930,0,0,0,0
1631126492930,0,0,0,0
1631126492952,0,0,0,0
1631126492952,0,0,0,0
1631126492968,0,0,0,0
1631126492984,0,0,0,0
1631126492999,0,0,0,0
1631126492999,0,0,0,0
1631126493015,0,0,0,0
1631126493031,0,0,0,0
1631126493031,0,0,0,0
1631126493053,0,0,0,0
1631126493053,0,0,0,0
1631126493069,0,0,0,0
1631126493084,0,0,0,0
1631126493084,0,0,0,0
1631126493100,0,0,0,0
1631126493116,0,0,0,0
1631126493131,0,0,0,0
1631126493131,0,0,0,0
1631126493153,0,0,0,0
1631126493153,0,0,0,0
1631126493169,0,0,0,0
1631126493184,0,0,0,0
1631126493184,0,0,0,0
1631126493200,0,0,0,0
1631126493216,0,0,0,0
1631126493216,0,0,0,0
1631126493231,0,0,0,0
1631126493247,0,0,0,0
1631126493253,0,0,0,0
1631126493269,19,0,0,0
1631126493269,11,0,0,0
1631126493285,36,0,0,0
1631126493300,22,0,0,0
1631126493316,51,0,0,0
1631126493316,66,0,0,0
1631126493337,59,0,0,0
1631126493337,80,0,0,0
1631126493353,73,0,0,0
1631126493369,96,0,0,0
1631126493369,91,0,0,0
1631126493385,108,0,0,0
1631126493400,102,0,0,0
1631126493400,125,0,0,0
1631126493416,119,0,0,0
1631126493431,128,0,0,0
1631126493447,150,0,0,0
1631126493453,141,0,0,0
1631126493469,160,0,0,0
1631126493469,155,0,0,0
1631126493485,173,3,0,0
1631126493501,164,0,0,0
1631126493501,191,18,0,0
1631126493516,178,11,0,0
1631126493536,197,30,0,0
1631126493536,190,28,0,0
1631126493554,205,45,0,0
1631126493569,225,67,0,0
1631126493569,215,63,0,0
1631126493585,239,82,0,0
1631126493601,231,75,0,0
1631126493601,252,98,0,0
1631126493616,238,90,0,0
1631126493632,264,112,0,0
1631126493632,260,104,1,0
1631126493654,286,128,26,0
1631126493654,295,140,37,0
1631126493669,287,135,33,0
1631126493685,308,154,52,0
1631126493685,299,147,52,0
1631126493701,321,171,74,0
1631126493716,309,162,69,0
1631126493732,333,182,88,0
1631126493732,323,175,89,0
1631126493754,340,196,102,0
1631126493754,326,190,107,0
1631126493770,337,202,120,0
1631126493786,358,219,140,0
1631126493786,339,215,133,0
1631126493801,360,234,154,0
1631126493817,348,225,153,0
1631126493832,364,246,169,0
1631126493832,355,234,167,0
1631126493848,373,251,186,0
1631126493854,356,252,178,0
1631126493870,378,271,203,0
1631126493886,379,282,217,0
1631126493886,366,276,210,0
1631126493901,385,293,232,6
1631126493917,371,292,227,5
1631126493917,392,313,250,24
1631126493932,373,306,239,23
1631126493948,399,332,263,42
1631126493954,373,317,254,38
1631126493970,404,344,279,59
1631126493985,384,329,270,53
1631126493985,387,342,283,77
1631126494001,412,365,303,93
1631126494017,393,348,296,91
1631126494017,414,374,313,111
1631126494032,399,362,309,109
1631126494048,418,380,327,126
1631126494054,407,368,320,123
1631126494070,427,389,341,144
1631126494070,409,377,334,138
1631126494085,427,396,359,160
1631126494101,433,402,366,176
1631126494101,418,385,354,171
1631126494117,442,400,378,193
1631126494132,423,388,369,185
1631126494148,443,409,389,204
1631126494154,426,389,381,200
1631126494170,448,413,404,224
1631126494170,429,396,398,216
1631126494185,452,418,420,235
1631126494201,433,400,409,234
1631126494201,439,405,425,244
1631126494216,462,427,446,266
1631126494232,437,408,433,258
1631126494248,464,433,457,280
1631126494254,443,415,452,271
1631126494270,467,433,472,297
1631126494270,450,421,461,286
1631126494286,473,441,483,306
1631126494301,455,419,471,296
1631126494301,481,442,494,318
1631126494317,456,430,477,312
1631126494333,462,434,485,322
1631126494333,484,457,500,343
1631126494355,466,436,489,336
1631126494355,489,462,510,355
1631126494370,467,442,495,344
1631126494386,487,465,514,369
1631126494401,470,444,500,361
1631126494401,491,473,514,382
1631126494417,471,449,509,373
1631126494433,493,475,524,393
1631126494433,497,480,528,406
1631126494455,472,463,512,400
1631126494455,494,481,534,419
1631126494470,472,465,521,415
1631126494486,493,487,539,437
1631126494486,472,469,524,429
1631126494502,490,492,544,451
1631126494518,469,472,531,442
1631126494533,492,491,547,461
1631126494533,471,477,536,453
1631126494549,467,480,542,467
1631126494555,490,505,557,484
1631126494570,466,486,544,474
1631126494586,492,506,563,494
1631126494586,464,486,546,482
1631126494602,490,510,569,501
1631126494618,460,493,554,490
1631126494618,488,515,576,508
1631126494633,462,495,561,491
1631126494649,485,519,580,515
1631126494655,482,521,583,520
1631126494670,457,498,563,502
1631126494686,480,521,588,520
1631126494686,452,502,569,511
1631126494702,477,525,593,529
1631126494718,453,500,576,514
1631126494718,474,523,597,534
1631126494733,446,503,579,515
1631126494749,470,523,605,537
1631126494755,442,501,588,524
1631126494771,439,500,589,525
1631126494771,459,521,614,547
1631126494786,430,499,592,531
1631126494802,449,522,615,552
1631126494818,427,499,595,538
1631126494818,446,519,621,560
1631126494833,424,497,600,540
1631126494849,433,527,624,561
1631126494855,415,494,605,547
1631126494871,421,520,620,566
1631126494871,380,514,626,572
1631126494886,394,495,609,553
1631126494902,312,518,631,578
1631126494902,388,491,614,561
1631126494918,232,515,636,581
1631126494933,372,492,617,563
1631126494949,130,513,637,588
1631126494955,356,494,619,566
1631126494971,28,513,642,590
1631126494971,303,486,620,578
1631126494986,233,482,621,577
1631126495002,0,501,641,599
1631126495002,141,480,621,582
1631126495018,0,497,642,603
1631126495034,24,474,618,586
1631126495034,0,492,637,608
1631126495055,0,464,619,594
1631126495055,0,484,634,613
1631126495071,0,458,618,600
1631126495087,0,474,639,623
1631126495103,0,463,636,625
1631126495103,0,449,611,605
1631126495118,0,442,633,628
1631126495134,0,435,613,608
1631126495134,0,385,635,629
1631126495156,0,420,613,612
1631126495156,0,294,632,638
1631126495171,0,404,607,619
1631126495187,0,182,631,636
1631126495187,0,385,604,621
1631126495203,0,327,602,621
1631126495219,0,0,623,641
1631126495234,0,230,598,618
1631126495234,0,0,618,641
1631126495250,0,119,591,621
1631126495256,0,0,612,644
1631126495273,0,0,583,619
1631126495288,0,0,609,642
1631126495288,0,0,586,616
1631126495304,0,0,603,646
1631126495320,0,0,588,639
1631126495320,0,0,565,616
1631126495335,0,0,575,638
1631126495351,0,0,555,614
1631126495356,0,0,539,638
1631126495372,0,0,554,612
1631126495372,0,0,463,634
1631126495388,0,0,531,610
1631126495403,0,0,363,631
1631126495419,0,0,519,607
1631126495419,0,0,495,611
1631126495435,0,0,159,626
1631126495450,0,0,443,606
1631126495456,0,0,58,624
1631126495472,0,0,373,605
1631126495472,0,0,0,619
1631126495489,0,0,285,598
1631126495506,0,0,0,617
1631126495506,0,0,197,591
1631126495521,0,0,0,614
1631126495536,0,0,0,606
1631126495536,0,0,8,581
1631126495556,0,0,0,599
1631126495572,0,0,0,574
1631126495572,0,0,0,591
1631126495588,0,0,0,571
1631126495603,0,0,0,580
1631126495603,0,0,0,562
1631126495619,0,0,0,567
1631126495635,0,0,0,552
1631126495650,0,0,0,523
1631126495657,0,0,0,459
1631126495657,0,0,0,535
1631126495672,0,0,0,377
1631126495688,0,0,0,523
1631126495703,0,0,0,281
1631126495703,0,0,0,500
1631126495719,0,0,0,182
1631126495735,0,0,0,456
1631126495735,0,0,0,81
1631126495757,0,0,0,388
1631126495757,0,0,0,305
1631126495772,0,0,0,0
1631126495788,0,0,0,211
1631126495788,0,0,0,0
1631126495804,0,0,0,113
1631126495819,0,0,0,0
1631126495835,0,0,0,24
1631126495835,0,0,0,0
1631126495857,0,0,0,0
1631126495857,0,0,0,0
1631126495873,0,0,0,0
1631126495889,0,0,0,0
1631126495889,0,0,0,0
1631126495904,0,0,0,0
1631126495920,0,0,0,0
1631126495935,0,0,0,0
1631126495935,0,0,0,0
1631126495951,0,0,0,0
1631126495957,0,0,0,0
1631126495973,0,0,0,0
1631126495989,0,0,0,0
1631126495989,0,0,0,0
1631126496004,0,0,0,0
1631126496020,0,0,0,0
1631126496020,0,0,0,0
1631126496036,0,0,0,0
1631126496051,0,0,0,0
1631126496057,0,0,0,0
1631126496073,0,0,0,0
1631126496073,0,0,0,0
1631126496089,0,0,0,0
1631126496104,0,0,0,0
1631126496120,0,0,0,0
1631126496120,0,0,0,0
1631126496136,0,0,0,0
1631126496151,0,0,0,0
1631126496157,0,0,0,0
1631126496173,10,0,0,0
1631126496173,8,0,0,0
1631126496189,28,0,0,0
1631126496204,43,0,0,0
1631126496220,39,0,0,0
1631126496220,58,0,0,0
1631126496236,54,0,0,0
1631126496252,74,0,0,0
1631126496258,71,0,0,0
1631126496274,92,0,0,0
1631126496274,84,0,0,0
1631126496289,107,0,0,0
1631126496307,98,0,0,0
1631126496317,115,0,0,0
1631126496317,134,0,0,0
1631126496333,128,0,0,0
1631126496349,151,0,0,0
1631126496358,140,0,0,0
1631126496358,163,0,0,0
1631126496374,154,0,0,0
1631126496389,173,0,0,0
1631126496405,166,0,0,0
1631126496405,186,18,0,0
1631126496421,197,34,0,0
1631126496437,192,29,0,0
1631126496437,215,48,0,0
1631126496458,205,45,0,0
1631126496458,226,65,0,0
1631126496483,220,61,0,0
1631126496483,241,84,0,0
1631126496499,227,79,0,0
1631126496515,253,100,0,0
1631126496515,243,91,0,0
1631126496530,267,113,2,0
1631126496546,281,127,21,0
1631126496559,274,123,20,0
1631126496559,297,144,41,0
1631126496575,282,136,38,0
1631126496590,312,159,60,0
1631126496590,301,152,56,0
1631126496606,323,175,75,0
1631126496621,311,162,74,0
1631126496621,335,183,93,0
1631126496637,322,179,90,0
1631126496653,330,191,111,0
1631126496659,351,214,131,0
1631126496675,339,207,126,0
1631126496690,358,226,152,0
1631126496690,349,221,142,0
1631126496706,368,243,170,0
1631126496721,349,234,165,0
1631126496721,373,258,187,0
1631126496737,356,247,182,0
1631126496753,378,274,208,0
1631126496759,384,289,224,0
1631126496775,364,280,219,0
1631126496775,385,306,236,23
1631126496790,371,296,238,20
1631126496806,395,324,261,39
1631126496821,378,317,255,37
1631126496821,397,342,275,62
1631126496837,383,328,269,57
1631126496853,405,352,290,76
1631126496859,389,343,281,74
1631126496875,397,354,302,97
1631126496875,415,376,322,122
1631126496890,401,362,316,117
1631126496906,422,386,337,137
1631126496906,403,370,328,137
1631126496922,429,389,351,157
1631126496937,410,369,344,157
1631126496953,439,398,366,175
1631126496959,418,383,363,176
1631126496975,438,402,379,193
1631126496975,444,409,393,210
1631126496991,425,395,391,208
1631126497007,453,415,412,232
1631126497007,435,398,408,229
1631126497022,457,421,429,248
1631126497038,438,405,425,244
1631126497038,463,427,451,266
1631126497060,441,414,439,260
1631126497060,467,437,463,281
1631126497085,447,418,457,276
1631126497085,451,421,466,292
1631126497101,475,441,487,314
1631126497117,457,428,474,307
1631126497117,479,449,496,328
1631126497132,462,433,483,320
1631126497148,482,454,504,346
1631126497160,464,439,493,336
1631126497160,486,459,512,354
1631126497183,468,446,496,351
1631126497183,491,467,514,371
1631126497199,491,472,519,389
1631126497215,471,454,509,378
1631126497215,493,474,528,402
1631126497230,473,460,512,397
1631126497246,493,484,532,420
1631126497260,471,462,520,413
1631126497260,492,488,537,439
1631126497276,473,472,524,428
1631126497292,493,491,547,452
1631126497292,472,477,529,442
1631126497307,470,478,535,460
1631126497323,490,504,556,480
1631126497323,468,486,540,470
1631126497339,490,509,563,495
1631126497354,466,491,548,477
1631126497360,484,510,568,500
1631126497376,465,490,552,485
1631126497376,486,517,572,510
1631126497392,464,497,561,494
1631126497408,485,518,584,518
1631126497424,483,519,585,520
1631126497424,459,499,566,503
1631126497439,480,522,588,526
1631126497455,456,499,571,509
1631126497460,476,524,592,530
1631126497476,452,501,574,514
1631126497476,472,525,600,533
1631126497491,453,504,578,516
1631126497507,469,525,603,537
1631126497523,446,500,581,520
1631126497523,465,520,607,543
1631126497538,465,521,610,548
1631126497554,436,501,593,531
1631126497561,454,521,616,552
1631126497577,428,501,597,535
1631126497577,446,519,621,556
1631126497592,421,504,598,539
1631126497608,425,519,620,563
1631126497608,411,496,601,542
1631126497623,419,519,622,568
1631126497639,408,495,608,547
1631126497639,398,493,608,554
1631126497661,329,516,632,577
1631126497661,388,494,615,558
1631126497686,258,513,633,578
1631126497686,375,496,616,557
1631126497702,167,513,635,584
1631126497718,363,487,619,568
1631126497718,61,506,641,588
1631126497733,325,484,613,571
1631126497749,0,510,639,593
1631126497762,0,505,640,596
1631126497762,186,484,622,579
1631126497786,0,503,642,601
1631126497786,99,475,619,582
1631126497803,0,498,642,608
1631126497819,0,474,618,588
1631126497819,0,492,642,610
1631126497834,0,468,620,590
1631126497850,0,483,642,613
1631126497862,0,460,616,593
1631126497862,0,453,616,602
1631126497878,0,472,636,625
1631126497893,0,447,615,603
1631126497893,0,461,639,623
1631126497909,0,440,612,603
1631126497924,0,433,639,631
1631126497924,0,431,611,610
1631126497940,0,379,635,632
1631126497956,0,421,609,613
1631126497962,0,304,633,632
1631126497978,0,222,629,637
1631126497994,0,396,606,616
1631126497994,0,114,630,640
1631126498009,0,367,609,617
1631126498025,0,20,627,640
1631126498025,0,312,604,621
1631126498040,0,0,627,641
1631126498056,0,238,599,622
1631126498062,0,0,622,643
1631126498078,0,153,591,619
1631126498078,0,52,593,624
1631126498094,0,0,611,640
1631126498109,0,0,586,621
1631126498125,0,0,603,639
1631126498125,0,0,580,621
1631126498141,0,0,594,639
1631126498156,0,0,572,619
1631126498163,0,0,589,639
1631126498178,0,0,566,616
1631126498178,0,0,580,639
1631126498194,0,0,555,637
1631126498210,0,0,549,614
1631126498210,0,0,507,635
1631126498225,0,0,543,613
1631126498241,0,0,439,634
1631126498256,0,0,531,611
1631126498263,0,0,346,633
1631126498263,0,0,515,609
1631126498279,0,0,258,629
1631126498295,0,0,482,603
1631126498310,0,0,142,629
1631126498310,0,0,58,624
1631126498326,0,0,369,600
1631126498341,0,0,0,618
1631126498341,0,0,284,597
1631126498364,0,0,0,617
1631126498364,0,0,192,594
1631126498379,0,0,0,611
1631126498395,0,0,94,589
1631126498395,0,0,0,611
1631126498411,0,0,3,584
1631126498426,0,0,0,575
1631126498442,0,0,0,593
1631126498442,0,0,0,567
1631126498464,0,0,0,578
1631126498464,0,0,0,560
1631126498480,0,0,0,566
1631126498496,0,0,0,553
1631126498496,0,0,0,524
1631126498511,0,0,0,544
1631126498527,0,0,0,460
1631126498527,0,0,0,381
1631126498542,0,0,0,523
1631126498558,0,0,0,277
1631126498565,0,0,0,501
1631126498581,0,0,0,185
1631126498596,0,0,0,460
1631126498596,0,0,0,83
1631126498612,0,0,0,389
1631126498627,0,0,0,0
1631126498627,0,0,0,303
1631126498643,0,0,0,225
1631126498658,0,0,0,0
1631126498665,0,0,0,131
1631126498681,0,0,0,0
1631126498681,0,0,0,34
1631126498696,0,0,0,0
1631126498712,0,0,0,0
1631126498727,0,0,0,0
1631126498727,0,0,0,0
1631126498743,0,0,0,0
1631126498759,0,0,0,0
1631126498765,0,0,0,0
1631126498781,0,0,0,0
1631126498781,0,0,0,0
1631126498796,0,0,0,0
1631126498812,0,0,0,0
1631126498812,0,0,0,0
1631126498827,0,0,0,0
1631126498843,0,0,0,0
1631126498859,0,0,0,0
1631126498865,0,0,0,0
1631126498881,0,0,0,0
1631126498881,0,0,0,0
1631126498896,0,0,0,0
1631126498912,0,0,0,0
1631126498912,0,0,0,0
1631126498927,0,0,0,0
1631126498943,0,0,0,0
1631126498943,0,0,0,0
1631126498965,0,0,0,0
1631126498965,0,0,0,0
1631126498981,0,0,0,0
1631126498997,0,0,0,0
1631126498997,0,0,0,0
1631126499012,0,0,0,0
1631126499028,0,0,0,0
1631126499044,0,0,0,0
1631126499044,7,0,0,0
1631126499066,8,0,0,0
1631126499066,24,0,0,0
1631126499081,20,0,0,0
1631126499097,33,0,0,0
1631126499097,54,0,0,0
1631126499113,48,0,0,0
1631126499128,67,0,0,0
1631126499128,60,0,0,0
1631126499144,83,0,0,0
1631126499160,81,0,0,0
1631126499166,98,0,0,0
1631126499182,87,0,0,0
1631126499197,111,0,0,0
1631126499197,125,0,0,0
1631126499213,118,0,0,0
1631126499228,138,0,0,0
1631126499228,129,0,0,0
1631126499244,151,0,0,0
1631126499260,145,0,0,0
1631126499266,162,0,0,0
1631126499282,155,0,0,0
1631126499297,177,0,0,0
1631126499297,168,0,0,0
1631126499313,179,11,0,0
1631126499328,197,30,0,0
1631126499328,189,27,0,0
1631126499344,208,45,0,0
1631126499366,202,38,0,0
1631126499366,219,61,0,0
1631126499382,213,55,0,0
1631126499382,233,74,0,0
1631126499397,226,69,0,0
1631126499413,246,92,0,0
1631126499413,259,103,0,0
1631126499428,251,98,0,0
1631126499444,272,116,14,0
1631126499460,267,111,7,0
1631126499466,287,133,29,0
1631126499482,279,127,25,0
1631126499494,300,147,46,0
1631126499505,286,139,40,0
1631126499515,309,162,60,0
1631126499526,296,158,56,0
1631126499537,312,165,73,0
1631126499550,333,183,89,0
1631126499559,322,179,87,0
1631126499570,343,198,110,0
1631126499582,327,191,104,0
1631126499592,348,211,129,0
1631126499602,334,201,121,0
1631126499614,358,222,142,0
1631126499626,341,211,136,0
1631126499636,361,238,154,0
1631126499647,342,225,148,0
1631126499658,350,237,166,0
1631126499669,370,260,190,0
1631126499680,354,247,181,0
1631126499691,377,273,198,0
1631126499702,359,261,192,0
1631126499713,380,282,213,0
1631126499724,360,275,211,0
1631126499734,386,299,230,2
1631126499745,371,286,221,2
1631126499756,389,307,243,21
1631126499767,395,322,256,31
1631126499779,379,312,249,34
1631126499790,396,334,269,54
1631126499800,383,327,265,51
1631126499811,403,346,282,65
1631126499821,386,335,277,68
1631126499833,409,356,297,83
1631126499844,393,346,288,82
1631126499855,411,370,303,101
1631126499866,396,354,300,93
1631126499877,401,362,312,114
1631126499888,419,379,328,131
1631126499898,404,365,320,130
1631126499910,426,389,344,148
1631126499921,406,373,333,143
1631126499931,428,392,356,163
1631126499943,410,379,345,157
1631126499953,429,394,366,179
1631126499965,416,383,361,175
1631126499976,439,402,383,196
1631126499986,444,409,393,206
1631126499998,424,389,385,202
1631126500009,446,411,405,221
1631126500019,431,396,395,217
1631126500030,452,417,421,236
1631126500041,434,399,412,232
1631126500052,454,422,432,249
1631126500063,436,405,424,244
1631126500074,460,421,443,264
1631126500085,439,411,433,256
1631126500096,445,416,447,271
1631126500107,468,434,467,288
1631126500117,449,419,460,280
1631126500123,471,437,477,302
1631126500139,452,424,466,295
1631126500139,477,441,485,312
1631126500154,454,428,472,306
1631126500168,479,447,493,327
1631126500184,456,435,484,319
1631126500184,482,455,506,335
1631126500200,483,461,506,351
1631126500215,466,441,492,339
1631126500215,493,460,510,361
1631126500231,467,445,495,350
1631126500246,487,467,516,376
1631126500246,469,449,502,363
1631126500269,492,472,521,387
1631126500269,472,456,503,375
