Channel 1,Channel 2,Channel 3,Channel 4
13415.000000,13821.000000,18564.000000,12650.000000
13419.000000,13821.000000,18575.000000,12657.000000
13422.000000,13823.000000,18595.000000,12663.000000
13424.000000,13825.000000,18616.000000,12674.000000
13427.000000,13827.000000,18635.000000,12683.000000
13432.000000,13829.000000,18658.000000,12696.000000
13433.000000,13830.000000,18675.000000,12702.000000
13440.000000,13832.000000,18691.000000,12714.000000
13429.000000,13831.000000,18703.000000,12720.000000
13436.000000,13831.000000,18716.000000,12728.000000
13436.000000,13827.000000,18724.000000,12733.000000
13431.000000,13826.000000,18725.000000,12733.000000
13431.000000,13829.000000,18725.000000,12731.000000
13432.000000,13824.000000,18716.000000,12727.000000
13428.000000,13825.000000,18711.000000,12727.000000
13430.000000,13823.000000,18710.000000,12724.000000
13426.000000,13825.000000,18703.000000,12722.000000
13431.000000,13829.000000,18698.000000,12720.000000
13429.000000,13823.000000,18702.000000,12719.000000
13429.000000,13825.000000,18698.000000,12716.000000
13430.000000,13826.000000,18703.000000,12725.000000
13432.000000,13825.000000,18713.000000,12727.000000
13429.000000,13827.000000,18717.000000,12734.000000
13435.000000,13828.000000,18729.000000,12737.000000
13437.000000,13828.000000,18737.000000,12745.000000
13437.000000,13830.000000,18753.000000,12750.000000
13439.000000,13836.000000,18766.000000,12755.000000
13441.000000,13830.000000,18781.000000,12766.000000
13445.000000,13830.000000,18796.000000,12773.000000
13450.000000,13834.000000,18830.000000,12789.000000
13449.000000,13836.000000,18843.000000,12798.000000
13452.000000,13835.000000,18860.000000,12804.000000
13454.000000,13837.000000,18879.000000,12815.000000
13458.000000,13839.000000,18901.000000,12825.000000
13461.000000,13841.000000,18916.000000,12835.000000
13459.000000,13840.000000,18938.000000,12846.000000
13460.000000,13839.000000,18958.000000,12854.000000
13469.000000,13849.000000,18972.000000,12866.000000
13476.000000,13846.000000,19018.000000,12885.000000
13475.000000,13848.000000,19041.000000,12896.000000
13479.000000,13849.000000,19057.000000,12908.000000
13483.000000,13850.000000,19078.000000,12918.000000
13486.000000,13852.000000,19101.000000,12930.000000
13487.000000,13854.000000,19121.000000,12942.000000
13494.000000,13853.000000,19140.000000,12953.000000
13492.000000,13856.000000,19163.000000,12964.000000
13494.000000,13853.000000,19189.000000,12974.000000
13499.000000,13857.000000,19207.000000,12978.000000
13502.000000,13863.000000,19250.000000,13009.000000
13505.000000,13860.000000,19274.000000,13018.000000
13507.000000,13862.000000,19292.000000,13032.000000
13507.000000,13863.000000,19316.000000,13044.000000
13509.000000,13862.000000,19333.000000,13056.000000
13514.000000,13865.000000,19352.000000,13063.000000
13516.000000,13864.000000,19369.000000,13074.000000
13521.000000,13866.000000,19394.000000,13084.000000
13521.000000,13871.000000,19411.000000,13096.000000
13524.000000,13868.000000,19454.000000,13118.000000
13527.000000,13870.000000,19477.000000,13130.000000
13529.000000,13870.000000,19500.000000,13139.000000
13530.000000,13874.000000,19518.000000,13152.000000
13532.000000,13875.000000,19536.000000,13162.000000
13534.000000,13874.000000,19553.000000,13171.000000
13525.000000,13870.000000,19560.000000,13173.000000
13520.000000,13865.000000,19549.000000,13169.000000
13515.000000,13860.000000,19519.000000,13156.000000
13500.000000,13859.000000,19471.000000,13132.000000
13474.000000,13842.000000,19319.000000,13057.000000
13468.000000,13835.000000,19231.000000,13017.000000
13455.000000,13829.000000,19144.000000,12973.000000
13445.000000,13829.000000,19057.000000,12926.000000
13442.000000,13821.000000,18981.000000,12887.000000
13436.000000,13821.000000,18916.000000,12853.000000
13431.000000,13823.000000,18862.000000,12825.000000
13428.000000,13816.000000,18818.000000,12801.000000
13428.000000,13816.000000,18788.000000,12786.000000
13426.000000,13814.000000,18742.000000,12757.000000
13426.000000,13814.000000,18730.000000,12755.000000
13428.000000,13813.000000,18723.000000,12748.000000
13426.000000,13813.000000,18720.000000,12747.000000
13429.000000,13815.000000,18719.000000,12748.000000
13432.000000,13818.000000,18724.000000,12752.000000
13435.000000,13819.000000,18734.000000,12755.000000
13434.000000,13818.000000,18751.000000,12762.000000
13439.000000,13820.000000,18768.000000,12770.000000
13440.000000,13822.000000,18793.000000,12786.000000
13443.000000,13827.000000,18808.000000,12794.000000
13445.000000,13822.000000,18817.000000,12798.000000
13443.000000,13822.000000,18825.000000,12803.000000
13444.000000,13822.000000,18829.000000,12804.000000
13442.000000,13822.000000,18833.000000,12805.000000
13443.000000,13822.000000,18829.000000,12804.000000
13440.000000,13822.000000,18823.000000,12803.000000
13437.000000,13818.000000,18819.000000,12799.000000
13435.000000,13818.000000,18804.000000,12789.000000
13435.000000,13817.000000,18791.000000,12785.000000
13433.000000,13813.000000,18784.000000,12785.000000
13432.000000,13817.000000,18775.000000,12782.000000
13435.000000,13816.000000,18773.000000,12779.000000
13433.000000,13815.000000,18772.000000,12776.000000
13435.000000,13817.000000,18774.000000,12776.000000
13432.000000,13816.000000,18776.000000,12781.000000
13433.000000,13814.000000,18782.000000,12783.000000
13439.000000,13817.000000,18784.000000,12788.000000
13437.000000,13818.000000,18803.000000,12797.000000
13441.000000,13821.000000,18819.000000,12801.000000
13443.000000,13823.000000,18831.000000,12807.000000
13443.000000,13821.000000,18843.000000,12812.000000
13446.000000,13820.000000,18860.000000,12822.000000
13449.000000,13822.000000,18876.000000,12832.000000
13456.000000,13826.000000,18891.000000,12840.000000
13452.000000,13816.000000,18907.000000,12846.000000
13456.000000,13821.000000,18927.000000,12855.000000
13458.000000,13828.000000,18941.000000,12860.000000
13460.000000,13832.000000,18975.000000,12885.000000
13465.000000,13830.000000,18994.000000,12894.000000
13468.000000,13832.000000,19016.000000,12903.000000
13470.000000,13834.000000,19032.000000,12910.000000
13474.000000,13834.000000,19054.000000,12923.000000
13474.000000,13836.000000,19076.000000,12932.000000
13478.000000,13841.000000,19092.000000,12943.000000
13477.000000,13839.000000,19111.000000,12954.000000
13482.000000,13840.000000,19137.000000,12966.000000
13486.000000,13841.000000,19174.000000,12985.000000
13488.000000,13841.000000,19191.000000,12994.000000
13489.000000,13842.000000,19215.000000,13006.000000
13494.000000,13844.000000,19236.000000,13017.000000
13494.000000,13845.000000,19254.000000,13027.000000
13497.000000,13846.000000,19277.000000,13037.000000
13496.000000,13848.000000,19299.000000,13051.000000
13498.000000,13846.000000,19319.000000,13059.000000
13503.000000,13849.000000,19344.000000,13071.000000
13509.000000,13852.000000,19383.000000,13094.000000
13514.000000,13855.000000,19401.000000,13104.000000
13514.000000,13854.000000,19426.000000,13116.000000
13516.000000,13855.000000,19449.000000,13128.000000
13517.000000,13857.000000,19465.000000,13138.000000
13520.000000,13856.000000,19486.000000,13145.000000
13515.000000,13855.000000,19492.000000,13150.000000
13507.000000,13853.000000,19481.000000,13145.000000
13503.000000,13847.000000,19456.000000,13135.000000
13492.000000,13840.000000,19412.000000,13105.000000
13467.000000,13827.000000,19268.000000,13044.000000
13455.000000,13822.000000,19187.000000,12999.000000
13446.000000,13816.000000,19102.000000,12957.000000
13441.000000,13813.000000,19019.000000,12917.000000
13433.000000,13810.000000,18946.000000,12879.000000
13427.000000,13809.000000,18885.000000,12848.000000
13424.000000,13805.000000,18837.000000,12822.000000
13422.000000,13801.000000,18795.000000,12800.000000
13420.000000,13804.000000,18762.000000,12785.000000
13420.000000,13800.000000,18722.000000,12763.000000
13422.000000,13800.000000,18710.000000,12757.000000
13420.000000,13800.000000,18700.000000,12752.000000
13421.000000,13802.000000,18698.000000,12750.000000
13421.000000,13800.000000,18698.000000,12751.000000
13423.000000,13802.000000,18701.000000,12750.000000
13424.000000,13804.000000,18711.000000,12758.000000
13426.000000,13803.000000,18727.000000,12764.000000
13431.000000,13809.000000,18745.000000,12770.000000
13433.000000,13808.000000,18762.000000,12783.000000
13437.000000,13807.000000,18792.000000,12792.000000
13435.000000,13810.000000,18802.000000,12802.000000
13439.000000,13808.000000,18809.000000,12805.000000
13438.000000,13807.000000,18814.000000,12807.000000
13435.000000,13809.000000,18815.000000,12809.000000
13430.000000,13808.000000,18814.000000,12805.000000
13432.000000,13806.000000,18810.000000,12806.000000
13432.000000,13799.000000,18807.000000,12803.000000
13432.000000,13804.000000,18799.000000,12799.000000
13428.000000,13805.000000,18785.000000,12793.000000
13427.000000,13802.000000,18777.000000,12791.000000
13428.000000,13803.000000,18778.000000,12788.000000
13429.000000,13803.000000,18772.000000,12784.000000
13428.000000,13804.000000,18772.000000,12785.000000
13428.000000,13805.000000,18775.000000,12789.000000
13428.000000,13803.000000,18780.000000,12789.000000
13431.000000,13802.000000,18788.000000,12793.000000
13430.000000,13803.000000,18801.000000,12799.000000
13433.000000,13807.000000,18814.000000,12806.000000
13437.000000,13808.000000,18821.000000,12813.000000
13439.000000,13810.000000,18834.000000,12818.000000
13440.000000,13809.000000,18846.000000,12825.000000
13440.000000,13807.000000,18859.000000,12833.000000
13441.000000,13812.000000,18873.000000,12837.000000
13447.000000,13812.000000,18884.000000,12846.000000
13453.000000,13813.000000,18902.000000,12854.000000
13449.000000,13814.000000,18913.000000,12864.000000
13453.000000,13816.000000,18933.000000,12871.000000
13457.000000,13819.000000,18972.000000,12891.000000
13459.000000,13819.000000,18990.000000,12898.000000
13461.000000,13821.000000,19008.000000,12909.000000
13465.000000,13826.000000,19025.000000,12919.000000
13468.000000,13824.000000,19047.000000,12931.000000
13467.000000,13824.000000,19067.000000,12941.000000
13470.000000,13827.000000,19087.000000,12949.000000
13472.000000,13827.000000,19111.000000,12960.000000
13478.000000,13827.000000,19126.000000,12969.000000
13481.000000,13829.000000,19169.000000,12990.000000
13484.000000,13830.000000,19185.000000,13000.000000
13487.000000,13834.000000,19206.000000,13015.000000
13487.000000,13834.000000,19226.000000,13021.000000
13488.000000,13835.000000,19243.000000,13029.000000
13492.000000,13835.000000,19267.000000,13044.000000
13492.000000,13836.000000,19285.000000,13054.000000
13492.000000,13838.000000,19302.000000,13062.000000
13499.000000,13840.000000,19325.000000,13077.000000
13505.000000,13844.000000,19367.000000,13099.000000
13507.000000,13845.000000,19388.000000,13105.000000
13508.000000,13845.000000,19409.000000,13117.000000
13511.000000,13843.000000,19427.000000,13127.000000
13511.000000,13843.000000,19443.000000,13134.000000
13507.000000,13840.000000,19441.000000,13135.000000
13505.000000,13838.000000,19429.000000,13130.000000
13484.000000,13833.000000,19400.000000,13116.000000
13481.000000,13821.000000,19346.000000,13092.000000
13469.000000,13818.000000,19275.000000,13056.000000
13447.000000,13808.000000,19117.000000,12977.000000
13437.000000,13805.000000,19033.000000,12936.000000
13431.000000,13797.000000,18954.000000,12895.000000
13424.000000,13795.000000,18885.000000,12860.000000
13418.000000,13794.000000,18828.000000,12831.000000
13416.000000,13793.000000,18779.000000,12804.000000
13411.000000,13792.000000,18740.000000,12784.000000
13409.000000,13793.000000,18710.000000,12764.000000
13412.000000,13791.000000,18684.000000,12761.000000
13412.000000,13790.000000,18662.000000,12744.000000
13411.000000,13791.000000,18652.000000,12739.000000
13413.000000,13790.000000,18655.000000,12739.000000
13414.000000,13794.000000,18658.000000,12741.000000
13416.000000,13794.000000,18662.000000,12743.000000
13418.000000,13792.000000,18672.000000,12751.000000
13419.000000,13795.000000,18688.000000,12754.000000
13424.000000,13798.000000,18703.000000,12765.000000
13428.000000,13796.000000,18719.000000,12775.000000
13428.000000,13797.000000,18733.000000,12785.000000
13432.000000,13797.000000,18763.000000,12793.000000
13429.000000,13797.000000,18766.000000,12798.000000
13426.000000,13794.000000,18770.000000,12798.000000
13427.000000,13799.000000,18770.000000,12799.000000
13425.000000,13799.000000,18763.000000,12798.000000
13423.000000,13797.000000,18757.000000,12796.000000
13427.000000,13794.000000,18750.000000,12791.000000
13424.000000,13790.000000,18747.000000,12786.000000
13421.000000,13797.000000,18737.000000,12784.000000
13420.000000,13793.000000,18719.000000,12778.000000
13419.000000,13793.000000,18715.000000,12776.000000
13421.000000,13791.000000,18713.000000,12774.000000
13419.000000,13789.000000,18716.000000,12774.000000
13420.000000,13792.000000,18716.000000,12773.000000
13422.000000,13794.000000,18720.000000,12780.000000
13417.000000,13795.000000,18728.000000,12780.000000
13421.000000,13793.000000,18733.000000,12785.000000
13424.000000,13792.000000,18748.000000,12786.000000
13427.000000,13799.000000,18765.000000,12798.000000
13432.000000,13797.000000,18778.000000,12807.000000
13431.000000,13796.000000,18788.000000,12813.000000
13432.000000,13800.000000,18804.000000,12818.000000
13434.000000,13801.000000,18819.000000,12828.000000
13439.000000,13801.000000,18832.000000,12834.000000
13448.000000,13802.000000,18847.000000,12845.000000
13444.000000,13804.000000,18869.000000,12855.000000
13443.000000,13797.000000,18893.000000,12862.000000
13446.000000,13807.000000,18900.000000,12867.000000
13450.000000,13809.000000,18938.000000,12891.000000
13455.000000,13811.000000,18956.000000,12899.000000
13457.000000,13812.000000,18980.000000,12907.000000
13458.000000,13811.000000,18996.000000,12919.000000
13461.000000,13813.000000,19012.000000,12928.000000
13462.000000,13814.000000,19033.000000,12939.000000
13470.000000,13816.000000,19047.000000,12948.000000
13462.000000,13820.000000,19070.000000,12958.000000
13469.000000,13822.000000,19085.000000,12972.000000
13473.000000,13820.000000,19124.000000,12989.000000
13476.000000,13820.000000,19143.000000,12995.000000
13477.000000,13823.000000,19160.000000,13007.000000
13479.000000,13823.000000,19178.000000,13015.000000
13483.000000,13823.000000,19195.000000,13026.000000
13484.000000,13827.000000,19213.000000,13035.000000
13491.000000,13826.000000,19235.000000,13046.000000
13492.000000,13819.000000,19257.000000,13057.000000
13492.000000,13828.000000,19273.000000,13069.000000
13494.000000,13830.000000,19296.000000,13081.000000
13500.000000,13834.000000,19338.000000,13102.000000
13499.000000,13830.000000,19350.000000,13110.000000
13496.000000,13830.000000,19351.000000,13110.000000
13489.000000,13825.000000,19336.000000,13104.000000
0.000000,13820.000000,19304.000000,13091.000000
13467.000000,13816.000000,19250.000000,13062.000000
13452.000000,13814.000000,19181.000000,13030.000000
13448.000000,13797.000000,19105.000000,12992.000000
13437.000000,13799.000000,19020.000000,12954.000000
13423.000000,13791.000000,18863.000000,12867.000000
13413.000000,13789.000000,18797.000000,12835.000000
13413.000000,13784.000000,18738.000000,12803.000000
13408.000000,13785.000000,18692.000000,12779.000000
13408.000000,13783.000000,18658.000000,12762.000000
13406.000000,13783.000000,18627.000000,12743.000000
13395.000000,13783.000000,18607.000000,12736.000000
13411.000000,13781.000000,18592.000000,12727.000000
13402.000000,13783.000000,18586.000000,12723.000000
13409.000000,13783.000000,18582.000000,12719.000000
13409.000000,13783.000000,18585.000000,12720.000000
13409.000000,13783.000000,18599.000000,12727.000000
13414.000000,13785.000000,18610.000000,12735.000000
13417.000000,13787.000000,18630.000000,12745.000000
13419.000000,13790.000000,18649.000000,12755.000000
13424.000000,13790.000000,18668.000000,12761.000000
13422.000000,13791.000000,18688.000000,12769.000000
13425.000000,13792.000000,18695.000000,12778.000000
13425.000000,13792.000000,18706.000000,12787.000000
13423.000000,13789.000000,18712.000000,12784.000000
13422.000000,13790.000000,18709.000000,12784.000000
13421.000000,13786.000000,18700.000000,12779.000000
13419.000000,13789.000000,18692.000000,12776.000000
13419.000000,13786.000000,18680.000000,12770.000000
13416.000000,13786.000000,18667.000000,12764.000000
13406.000000,13784.000000,18656.000000,12757.000000
13416.000000,13786.000000,18653.000000,12754.000000
13412.000000,13787.000000,18637.000000,12751.000000
13415.000000,13784.000000,18634.000000,12749.000000
13412.000000,13784.000000,18634.000000,12747.000000
13413.000000,13785.000000,18638.000000,12749.000000
13416.000000,13782.000000,18639.000000,12748.000000
13414.000000,13787.000000,18641.000000,12752.000000
13417.000000,13786.000000,18653.000000,12753.000000
13421.000000,13787.000000,18656.000000,12755.000000
13418.000000,13776.000000,18661.000000,12761.000000
13418.000000,13781.000000,18673.000000,12763.000000
13420.000000,13789.000000,18682.000000,12772.000000
13427.000000,13791.000000,18707.000000,12781.000000
13425.000000,13790.000000,18718.000000,12786.000000
13426.000000,13791.000000,18732.000000,12795.000000
13427.000000,13790.000000,18745.000000,12803.000000
13430.000000,13791.000000,18758.000000,12810.000000
13437.000000,13795.000000,18771.000000,12817.000000
13436.000000,13795.000000,18785.000000,12823.000000
13436.000000,13794.000000,18803.000000,12830.000000
13439.000000,13800.000000,18807.000000,12835.000000
13441.000000,13800.000000,18844.000000,12853.000000
13445.000000,13799.000000,18857.000000,12856.000000
13448.000000,13803.000000,18875.000000,12867.000000
13445.000000,13804.000000,18890.000000,12878.000000
13451.000000,13804.000000,18906.000000,12884.000000
13450.000000,13804.000000,18923.000000,12894.000000
13444.000000,13805.000000,18938.000000,12900.000000
13452.000000,13808.000000,18955.000000,12912.000000
13458.000000,13807.000000,18968.000000,12916.000000
13462.000000,13810.000000,19006.000000,12939.000000
13462.000000,13810.000000,19024.000000,12945.000000
13466.000000,13814.000000,19039.000000,12958.000000
13470.000000,13814.000000,19059.000000,12963.000000
13470.000000,13811.000000,19075.000000,12971.000000
13469.000000,13816.000000,19080.000000,12979.000000
13472.000000,13812.000000,19079.000000,12976.000000
13455.000000,13810.000000,19060.000000,12962.000000
13451.000000,13799.000000,19018.000000,12948.000000
13441.000000,13795.000000,18961.000000,12911.000000
13418.000000,13786.000000,18811.000000,12842.000000
13412.000000,13781.000000,18726.000000,12796.000000
13399.000000,13778.000000,18645.000000,12755.000000
13392.000000,13773.000000,18563.000000,12714.000000
13387.000000,13769.000000,18494.000000,12675.000000
13384.000000,13767.000000,18437.000000,12643.000000
13384.000000,13766.000000,18388.000000,12617.000000
13381.000000,13768.000000,18351.000000,12598.000000
13374.000000,13763.000000,18316.000000,12584.000000
13372.000000,13762.000000,18278.000000,12555.000000
13375.000000,13762.000000,18265.000000,12548.000000
13372.000000,13762.000000,18258.000000,12544.000000
13375.000000,13761.000000,18253.000000,12544.000000
13376.000000,13765.000000,18252.000000,12544.000000
13373.000000,13763.000000,18258.000000,12545.000000
13378.000000,13767.000000,18271.000000,12548.000000
13377.000000,13759.000000,18285.000000,12554.000000
13382.000000,13771.000000,18290.000000,12565.000000
13384.000000,13769.000000,18308.000000,12570.000000
13385.000000,13769.000000,18336.000000,12582.000000
13387.000000,13769.000000,18340.000000,12585.000000
13386.000000,13766.000000,18343.000000,12587.000000
13385.000000,13764.000000,18346.000000,12585.000000
13384.000000,13767.000000,18340.000000,12584.000000
13385.000000,13766.000000,18335.000000,12579.000000
13381.000000,13768.000000,18326.000000,12574.000000
13383.000000,13760.000000,18317.000000,12570.000000
13377.000000,13766.000000,18298.000000,12562.000000
13377.000000,13762.000000,18289.000000,12554.000000
13376.000000,13762.000000,18282.000000,12553.000000
13379.000000,13762.000000,18282.000000,12549.000000
13375.000000,13759.000000,18278.000000,12548.000000
13378.000000,13762.000000,18278.000000,12552.000000
13381.000000,13765.000000,18278.000000,12551.000000
13381.000000,13765.000000,18281.000000,12550.000000
13382.000000,13760.000000,18284.000000,12555.000000
13377.000000,13767.000000,18300.000000,12561.000000
13378.000000,13767.000000,18305.000000,12564.000000
13384.000000,13768.000000,18319.000000,12570.000000
13389.000000,13767.000000,18330.000000,12575.000000
13387.000000,13768.000000,18344.000000,12583.000000
13389.000000,13770.000000,18359.000000,12589.000000
13389.000000,13771.000000,18375.000000,12597.000000
13395.000000,13772.000000,18389.000000,12606.000000
13395.000000,13776.000000,18406.000000,12615.000000
13395.000000,13775.000000,18418.000000,12623.000000
13396.000000,13773.000000,18439.000000,12634.000000
13404.000000,13779.000000,18478.000000,12653.000000
13406.000000,13777.000000,18495.000000,12659.000000
13407.000000,13779.000000,18513.000000,12669.000000
13407.000000,13780.000000,18530.000000,12681.000000
13411.000000,13784.000000,18545.000000,12690.000000
13414.000000,13785.000000,18569.000000,12700.000000
13418.000000,13784.000000,18587.000000,12710.000000
13419.000000,13782.000000,18611.000000,12717.000000
13420.000000,13788.000000,18622.000000,12729.000000
13425.000000,13785.000000,18664.000000,12750.000000
13427.000000,13792.000000,18684.000000,12759.000000
13430.000000,13792.000000,18703.000000,12770.000000
13430.000000,13791.000000,18724.000000,12782.000000
13434.000000,13794.000000,18741.000000,12787.000000
13435.000000,13791.000000,18752.000000,12793.000000
13419.000000,13789.000000,18748.000000,12797.000000
13424.000000,13784.000000,18736.000000,12786.000000
13418.000000,13780.000000,18707.000000,12770.000000
13397.000000,13773.000000,18582.000000,12713.000000
13390.000000,13770.000000,18507.000000,12669.000000
13380.000000,13765.000000,18431.000000,12628.000000
13371.000000,13760.000000,18352.000000,12588.000000
13367.000000,13756.000000,18280.000000,12551.000000
13361.000000,13753.000000,18216.000000,12518.000000
13364.000000,13750.000000,18161.000000,12484.000000
13352.000000,13747.000000,18113.000000,12460.000000
13348.000000,13747.000000,18076.000000,12439.000000
13345.000000,13745.000000,18044.000000,12424.000000
13342.000000,13747.000000,18016.000000,12407.000000
13343.000000,13744.000000,18006.000000,12400.000000
13347.000000,13744.000000,17999.000000,12397.000000
13345.000000,13745.000000,17999.000000,12395.000000
13346.000000,13745.000000,17997.000000,12393.000000
13348.000000,13745.000000,18007.000000,12396.000000
13352.000000,13746.000000,18019.000000,12404.000000
13354.000000,13754.000000,18039.000000,12410.000000
13354.000000,13751.000000,18052.000000,12416.000000
13358.000000,13752.000000,18082.000000,12434.000000
13356.000000,13752.000000,18092.000000,12439.000000
13358.000000,13754.000000,18096.000000,12439.000000
13356.000000,13753.000000,18098.000000,12442.000000
13354.000000,13754.000000,18095.000000,12442.000000
13353.000000,13750.000000,18090.000000,12440.000000
13351.000000,13751.000000,18080.000000,12434.000000
13348.000000,13745.000000,18070.000000,12429.000000
13350.000000,13749.000000,18061.000000,12423.000000
13350.000000,13749.000000,18051.000000,12416.000000
13350.000000,13748.000000,18040.000000,12412.000000
13347.000000,13748.000000,18032.000000,12407.000000
13347.000000,13749.000000,18033.000000,12405.000000
13347.000000,13750.000000,18031.000000,12403.000000
0.000000,15484.000000,18031.000000,12408.000000
13353.000000,13750.000000,18034.000000,12404.000000
13350.000000,13756.000000,18039.000000,12407.000000
13352.000000,13754.000000,18041.000000,12410.000000
13351.000000,13753.000000,18048.000000,12413.000000
13352.000000,13754.000000,18066.000000,12422.000000
13353.000000,13753.000000,18079.000000,12425.000000
13356.000000,13753.000000,18092.000000,12436.000000
13357.000000,13757.000000,18104.000000,12442.000000
13359.000000,13757.000000,18120.000000,12449.000000
13361.000000,13756.000000,18134.000000,12454.000000
13359.000000,13757.000000,18145.000000,12462.000000
13368.000000,13763.000000,18159.000000,12470.000000
13365.000000,13760.000000,18173.000000,12482.000000
13370.000000,13762.000000,18203.000000,12493.000000
13370.000000,13764.000000,18219.000000,12502.000000
13373.000000,13764.000000,18238.000000,12510.000000
13373.000000,13763.000000,18251.000000,12517.000000
13377.000000,13766.000000,18268.000000,12525.000000
13379.000000,13764.000000,18285.000000,12536.000000
13386.000000,13767.000000,18303.000000,12545.000000
13377.000000,13768.000000,18319.000000,12554.000000
13385.000000,13771.000000,18335.000000,12560.000000
13385.000000,13772.000000,18352.000000,12567.000000
13391.000000,13777.000000,18390.000000,12590.000000
13393.000000,13776.000000,18411.000000,12602.000000
13398.000000,13775.000000,18427.000000,12609.000000
13394.000000,13776.000000,18444.000000,12617.000000
13398.000000,13777.000000,18451.000000,12622.000000
13395.000000,13775.000000,18456.000000,12624.000000
13388.000000,13774.000000,18444.000000,12619.000000
13385.000000,13767.000000,18419.000000,12605.000000
13375.000000,13765.000000,18368.000000,12579.000000
13359.000000,13754.000000,18230.000000,12506.000000
13348.000000,13749.000000,18146.000000,12462.000000
13338.000000,13744.000000,18069.000000,12420.000000
13333.000000,13744.000000,17995.000000,12379.000000
13327.000000,13738.000000,17929.000000,12343.000000
13324.000000,13737.000000,17874.000000,12311.000000
13318.000000,13737.000000,17830.000000,12285.000000
13317.000000,13729.000000,17795.000000,12266.000000
13315.000000,13735.000000,17759.000000,12250.000000
13315.000000,13732.000000,17749.000000,12245.000000
13313.000000,13731.000000,17721.000000,12222.000000
13314.000000,13731.000000,17716.000000,12218.000000
13312.000000,13735.000000,17714.000000,12217.000000
13313.000000,13731.000000,17717.000000,12218.000000
13314.000000,13736.000000,17723.000000,12219.000000
13321.000000,13734.000000,17735.000000,12224.000000
13319.000000,13738.000000,17751.000000,12232.000000
13321.000000,13734.000000,17765.000000,12238.000000
13324.000000,13739.000000,17782.000000,12252.000000
13323.000000,13737.000000,17804.000000,12262.000000
13324.000000,13737.000000,17814.000000,12261.000000
13326.000000,13738.000000,17816.000000,12265.000000
13326.000000,13740.000000,17811.000000,12263.000000
13323.000000,13739.000000,17807.000000,12260.000000
13322.000000,13737.000000,17802.000000,12257.000000
13316.000000,13736.000000,17794.000000,12254.000000
13319.000000,13742.000000,17784.000000,12250.000000
13318.000000,13742.000000,17779.000000,12241.000000
13316.000000,13734.000000,17767.000000,12236.000000
13317.000000,13736.000000,17761.000000,12236.000000
13316.000000,13736.000000,17764.000000,12233.000000
13318.000000,13733.000000,17765.000000,12232.000000
13317.000000,13738.000000,17773.000000,12234.000000
13318.000000,13738.000000,17775.000000,12237.000000
13320.000000,13738.000000,17783.000000,12242.000000
13320.000000,13737.000000,17794.000000,12246.000000
13321.000000,13735.000000,17806.000000,12249.000000
13324.000000,13740.000000,17818.000000,12256.000000
13327.000000,13746.000000,17843.000000,12271.000000
13328.000000,13746.000000,17857.000000,12277.000000
13330.000000,13744.000000,17874.000000,12287.000000
13330.000000,13747.000000,17888.000000,12293.000000
13331.000000,13750.000000,17902.000000,12300.000000
13335.000000,13749.000000,17920.000000,12311.000000
13342.000000,13749.000000,17934.000000,12317.000000
13344.000000,13746.000000,17955.000000,12326.000000
13340.000000,13751.000000,17969.000000,12335.000000
13343.000000,13754.000000,17999.000000,12352.000000
13344.000000,13754.000000,18011.000000,12361.000000
13347.000000,13757.000000,18033.000000,12371.000000
13351.000000,13757.000000,18049.000000,12379.000000
13354.000000,13758.000000,18065.000000,12389.000000
13355.000000,13758.000000,18084.000000,12400.000000
13353.000000,13761.000000,18097.000000,12409.000000
13354.000000,13757.000000,18118.000000,12415.000000
13362.000000,13763.000000,18133.000000,12427.000000
13366.000000,13764.000000,18179.000000,12451.000000
13369.000000,13766.000000,18198.000000,12460.000000
13370.000000,13767.000000,18213.000000,12471.000000
13375.000000,13770.000000,18233.000000,12476.000000
13375.000000,13766.000000,18245.000000,12485.000000
13371.000000,13768.000000,18251.000000,12488.000000
13369.000000,13765.000000,18246.000000,12483.000000
13360.000000,13764.000000,18224.000000,12470.000000
13355.000000,13758.000000,18184.000000,12451.000000
13347.000000,13756.000000,18123.000000,12415.000000
13332.000000,13744.000000,17974.000000,12338.000000
13321.000000,13739.000000,17895.000000,12294.000000
13313.000000,13738.000000,17826.000000,12255.000000
13309.000000,13735.000000,17759.000000,12223.000000
13304.000000,13731.000000,17706.000000,12187.000000
13300.000000,13729.000000,17663.000000,12164.000000
13293.000000,13726.000000,17627.000000,12143.000000
13296.000000,13724.000000,17604.000000,12129.000000
13295.000000,13729.000000,17585.000000,12117.000000
13293.000000,13728.000000,17568.000000,12104.000000
13297.000000,13728.000000,17562.000000,12099.000000
13296.000000,13725.000000,17565.000000,12100.000000
13297.000000,13726.000000,17569.000000,12100.000000
13296.000000,13728.000000,17576.000000,12100.000000
13294.000000,13729.000000,17587.000000,12107.000000
13299.000000,13731.000000,17603.000000,12116.000000
13299.000000,13731.000000,17619.000000,12127.000000
13302.000000,13737.000000,17642.000000,12134.000000
13302.000000,13736.000000,17649.000000,12141.000000
13303.000000,13733.000000,17669.000000,12150.000000
13302.000000,13733.000000,17667.000000,12151.000000
13305.000000,13735.000000,17668.000000,12150.000000
13301.000000,13730.000000,17662.000000,12147.000000
13298.000000,13734.000000,17654.000000,12140.000000
13300.000000,13731.000000,17643.000000,12134.000000
13296.000000,13733.000000,17637.000000,12131.000000
13299.000000,13727.000000,17631.000000,12125.000000
13301.000000,13731.000000,17619.000000,12119.000000
13298.000000,13733.000000,17614.000000,12116.000000
13299.000000,13732.000000,17612.000000,12115.000000
13297.000000,13729.000000,17612.000000,12115.000000
13299.000000,13732.000000,17619.000000,12118.000000
13299.000000,13734.000000,17622.000000,12120.000000
13300.000000,13735.000000,17633.000000,12126.000000
13303.000000,13735.000000,17642.000000,12131.000000
13299.000000,13726.000000,17656.000000,12139.000000
13303.000000,13735.000000,17664.000000,12143.000000
13306.000000,13737.000000,17682.000000,12149.000000
13308.000000,13739.000000,17712.000000,12167.000000
13308.000000,13742.000000,17727.000000,12176.000000
13312.000000,13743.000000,17742.000000,12181.000000
13313.000000,13741.000000,17756.000000,12191.000000
13316.000000,13743.000000,17772.000000,12196.000000
13318.000000,13748.000000,17790.000000,12205.000000
13318.000000,13746.000000,17808.000000,12214.000000
13321.000000,13746.000000,17833.000000,12224.000000
13324.000000,13747.000000,17843.000000,12236.000000
13327.000000,13750.000000,17870.000000,12248.000000
13328.000000,13751.000000,17889.000000,12259.000000
13329.000000,13753.000000,17906.000000,12269.000000
13331.000000,13753.000000,17925.000000,12279.000000
13334.000000,13752.000000,17938.000000,12286.000000
13337.000000,13755.000000,17955.000000,12296.000000
13338.000000,13756.000000,17972.000000,12303.000000
13334.000000,13756.000000,17988.000000,12313.000000
13341.000000,13756.000000,17996.000000,12320.000000
13344.000000,13759.000000,18041.000000,12344.000000
13347.000000,13761.000000,18057.000000,12350.000000
13351.000000,13763.000000,18074.000000,12361.000000
13350.000000,13765.000000,18094.000000,12371.000000
13353.000000,13764.000000,18107.000000,12379.000000
13353.000000,13765.000000,18115.000000,12380.000000
13353.000000,13761.000000,18110.000000,12378.000000
13348.000000,13760.000000,18085.000000,12365.000000
13335.000000,13756.000000,18046.000000,12342.000000
13326.000000,13751.000000,17975.000000,12303.000000
13309.000000,13738.000000,17815.000000,12215.000000
13298.000000,13737.000000,17728.000000,12167.000000
13291.000000,13731.000000,17647.000000,12123.000000
13285.000000,13729.000000,17574.000000,12080.000000
13278.000000,13725.000000,17516.000000,12044.000000
13275.000000,13722.000000,17465.000000,12013.000000
13275.000000,13719.000000,17427.000000,11992.000000
13267.000000,13721.000000,17398.000000,11972.000000
13267.000000,13724.000000,17375.000000,11962.000000
13264.000000,13720.000000,17349.000000,11942.000000
13264.000000,13717.000000,17341.000000,11938.000000
13263.000000,13716.000000,17339.000000,11933.000000
13264.000000,13721.000000,17336.000000,11931.000000
13267.000000,13718.000000,17340.000000,11933.000000
13268.000000,13721.000000,17344.000000,11934.000000
13271.000000,13719.000000,17354.000000,11940.000000
13263.000000,13716.000000,17366.000000,11947.000000
13269.000000,13718.000000,17380.000000,11954.000000
13271.000000,13722.000000,17391.000000,11961.000000
13270.000000,13721.000000,17409.000000,11966.000000
13269.000000,13721.000000,17408.000000,11968.000000
13269.000000,13722.000000,17409.000000,11967.000000
13271.000000,13720.000000,17406.000000,11963.000000
13269.000000,13719.000000,17396.000000,11957.000000
13263.000000,13719.000000,17389.000000,11953.000000
13260.000000,13720.000000,17378.000000,11945.000000
13264.000000,13719.000000,17369.000000,11942.000000
13259.000000,13714.000000,17358.000000,11939.000000
13261.000000,13717.000000,17354.000000,11930.000000
13259.000000,13718.000000,17350.000000,11928.000000
13259.000000,13718.000000,17352.000000,11926.000000
13261.000000,13718.000000,17356.000000,11930.000000
13262.000000,13716.000000,17358.000000,11932.000000
13261.000000,13719.000000,17367.000000,11935.000000
13261.000000,13718.000000,17375.000000,11938.000000
13266.000000,13718.000000,17389.000000,11944.000000
13266.000000,13723.000000,17405.000000,11955.000000
13269.000000,13722.000000,17427.000000,11970.000000
13272.000000,13726.000000,17441.000000,11974.000000
13271.000000,13723.000000,17456.000000,11984.000000
13272.000000,13724.000000,17471.000000,11991.000000
13275.000000,13726.000000,17485.000000,11999.000000
13276.000000,13729.000000,17503.000000,12006.000000
13278.000000,13727.000000,17516.000000,12019.000000
13283.000000,13732.000000,17534.000000,12027.000000
13283.000000,13729.000000,17555.000000,12037.000000
13285.000000,13733.000000,17572.000000,12045.000000
13289.000000,13736.000000,17611.000000,12067.000000
13289.000000,13737.000000,17627.000000,12078.000000
13294.000000,13738.000000,17645.000000,12090.000000
13293.000000,13738.000000,17660.000000,12097.000000
13296.000000,13743.000000,17675.000000,12109.000000
13298.000000,13738.000000,17692.000000,12114.000000
13295.000000,13745.000000,17710.000000,12124.000000
13303.000000,13750.000000,17733.000000,12131.000000
13305.000000,13743.000000,17744.000000,12149.000000
13310.000000,13747.000000,17784.000000,12161.000000
13311.000000,13749.000000,17799.000000,12173.000000
13314.000000,13752.000000,17820.000000,12181.000000
13318.000000,13750.000000,17838.000000,12192.000000
13318.000000,13753.000000,17851.000000,12199.000000
13318.000000,13755.000000,17863.000000,12204.000000
13323.000000,13754.000000,17867.000000,12206.000000
13313.000000,13749.000000,17860.000000,12202.000000
13309.000000,13747.000000,17833.000000,12188.000000
13299.000000,13745.000000,17781.000000,12161.000000
13284.000000,13734.000000,17644.000000,12082.000000
13274.000000,13728.000000,17562.000000,12034.000000
13265.000000,13721.000000,17483.000000,11990.000000
13257.000000,13718.000000,17407.000000,11948.000000
13252.000000,13715.000000,17342.000000,11910.000000
13248.000000,13713.000000,17288.000000,11876.000000
13242.000000,13712.000000,17247.000000,11853.000000
13240.000000,13707.000000,17215.000000,11832.000000
13240.000000,13711.000000,17186.000000,11814.000000
13235.000000,13709.000000,17156.000000,11794.000000
13232.000000,13708.000000,17148.000000,11788.000000
13235.000000,13707.000000,17142.000000,11783.000000
13237.000000,13703.000000,17142.000000,11779.000000
13233.000000,13704.000000,17143.000000,11781.000000
13233.000000,13711.000000,17150.000000,11789.000000
13230.000000,13710.000000,17162.000000,11793.000000
13235.000000,13708.000000,17177.000000,11801.000000
13240.000000,13708.000000,17192.000000,11810.000000
13242.000000,13713.000000,17227.000000,11833.000000
13242.000000,13715.000000,17238.000000,11837.000000
13241.000000,13713.000000,17243.000000,11841.000000
13243.000000,13712.000000,17247.000000,11838.000000
13241.000000,13712.000000,17244.000000,11837.000000
13240.000000,13713.000000,17235.000000,11835.000000
13244.000000,13711.000000,17230.000000,11831.000000
13230.000000,13708.000000,17224.000000,11825.000000
13239.000000,13710.000000,17212.000000,11820.000000
13235.000000,13710.000000,17202.000000,11815.000000
13235.000000,13713.000000,17201.000000,11813.000000
13239.000000,13713.000000,17203.000000,11812.000000
13237.000000,13711.000000,17199.000000,11812.000000
13233.000000,13712.000000,17204.000000,11814.000000
13237.000000,13713.000000,17211.000000,11816.000000
13242.000000,13715.000000,17217.000000,11820.000000
13239.000000,13714.000000,17227.000000,11827.000000
13241.000000,13718.000000,17239.000000,11831.000000
13240.000000,13717.000000,17251.000000,11842.000000
13244.000000,13718.000000,17280.000000,11857.000000
13244.000000,13720.000000,17297.000000,11863.000000
13247.000000,13717.000000,17316.000000,11876.000000
13251.000000,13720.000000,17334.000000,11888.000000
13251.000000,13721.000000,17349.000000,11899.000000
13254.000000,13723.000000,17368.000000,11910.000000
13259.000000,13723.000000,17391.000000,11918.000000
13260.000000,13722.000000,17408.000000,11932.000000
13260.000000,13724.000000,17428.000000,11939.000000
13263.000000,13728.000000,17442.000000,11948.000000
13268.000000,13730.000000,17485.000000,11973.000000
13268.000000,13731.000000,17501.000000,11983.000000
13271.000000,13732.000000,17524.000000,11995.000000
13275.000000,13733.000000,17542.000000,12005.000000
13277.000000,13736.000000,17560.000000,12019.000000
13277.000000,13737.000000,17577.000000,12029.000000
13278.000000,13744.000000,17598.000000,12037.000000
13281.000000,13740.000000,17617.000000,12048.000000
13284.000000,13741.000000,17636.000000,12059.000000
13288.000000,13745.000000,17674.000000,12081.000000
13289.000000,13748.000000,17693.000000,12089.000000
13294.000000,13744.000000,17709.000000,12102.000000
13297.000000,13749.000000,17731.000000,12113.000000
13296.000000,13747.000000,17748.000000,12123.000000
13298.000000,13748.000000,17771.000000,12132.000000
13309.000000,13751.000000,17791.000000,12145.000000
13302.000000,13756.000000,17811.000000,12157.000000
13308.000000,13754.000000,17829.000000,12165.000000
13310.000000,13757.000000,17867.000000,12190.000000
13314.000000,13756.000000,17880.000000,12195.000000
13309.000000,13756.000000,17880.000000,12196.000000
13305.000000,13751.000000,17864.000000,12188.000000
13297.000000,13745.000000,17828.000000,12166.000000
13287.000000,13743.000000,17771.000000,12138.000000
13280.000000,13740.000000,17700.000000,12094.000000
13272.000000,13734.000000,17616.000000,12052.000000
13260.000000,13728.000000,17519.000000,12001.000000
13252.000000,13725.000000,17444.000000,11957.000000
13238.000000,13717.000000,17311.000000,11877.000000
13234.000000,13716.000000,17265.000000,11847.000000
13232.000000,13713.000000,17224.000000,11825.000000
13229.000000,13714.000000,17196.000000,11807.000000
13228.000000,13712.000000,17172.000000,11795.000000
13226.000000,13708.000000,17160.000000,11782.000000
13230.000000,13713.000000,17149.000000,11776.000000
13225.000000,13707.000000,17144.000000,11772.000000
13224.000000,13710.000000,17148.000000,11775.000000
13225.000000,13709.000000,17144.000000,11770.000000
13226.000000,13712.000000,17153.000000,11776.000000
13227.000000,13715.000000,17163.000000,11780.000000
13227.000000,13713.000000,17177.000000,11785.000000
13229.000000,13714.000000,17193.000000,11798.000000
13231.000000,13716.000000,17209.000000,11807.000000
13229.000000,13717.000000,17219.000000,11811.000000
13233.000000,13714.000000,17226.000000,11816.000000
13232.000000,13722.000000,17229.000000,11821.000000
13231.000000,13714.000000,17223.000000,11816.000000
13227.000000,13713.000000,17215.000000,11810.000000
13226.000000,13715.000000,17210.000000,11808.000000
13227.000000,13714.000000,17201.000000,11803.000000
13226.000000,13715.000000,17196.000000,11802.000000
13225.000000,13714.000000,17189.000000,11799.000000
13227.000000,13715.000000,17185.000000,11795.000000
13224.000000,13717.000000,17183.000000,11797.000000
13225.000000,13713.000000,17182.000000,11794.000000
13227.000000,13715.000000,17183.000000,11793.000000
13229.000000,13714.000000,17200.000000,11804.000000
13229.000000,13714.000000,17212.000000,11809.000000
13229.000000,13717.000000,17220.000000,11816.000000
13231.000000,13718.000000,17233.000000,11825.000000
13234.000000,13720.000000,17249.000000,11830.000000
13235.000000,13719.000000,17264.000000,11836.000000
13235.000000,13722.000000,17278.000000,11843.000000
13240.000000,13723.000000,17294.000000,11855.000000
13240.000000,13724.000000,17316.000000,11865.000000
13244.000000,13726.000000,17352.000000,11888.000000
13245.000000,13729.000000,17365.000000,11896.000000
13250.000000,13731.000000,17388.000000,11910.000000
13250.000000,13730.000000,17412.000000,11923.000000
13254.000000,13732.000000,17428.000000,11932.000000
13253.000000,13731.000000,17445.000000,11940.000000
13261.000000,13734.000000,17472.000000,11958.000000
13259.000000,13734.000000,17495.000000,11969.000000
13260.000000,13736.000000,17515.000000,11979.000000
13263.000000,13739.000000,17524.000000,11983.000000
13269.000000,13742.000000,17576.000000,12014.000000
13274.000000,13744.000000,17590.000000,12023.000000
13275.000000,13746.000000,17611.000000,12035.000000
13276.000000,13745.000000,17635.000000,12051.000000
13276.000000,13750.000000,17654.000000,12059.000000
13286.000000,13751.000000,17670.000000,12070.000000
13283.000000,13748.000000,17688.000000,12081.000000
13286.000000,13745.000000,17711.000000,12091.000000
13286.000000,13751.000000,17726.000000,12093.000000
13292.000000,13755.000000,17766.000000,12128.000000
13295.000000,13755.000000,17791.000000,12138.000000
13296.000000,13756.000000,17812.000000,12149.000000
13303.000000,13759.000000,17833.000000,12163.000000
13302.000000,13759.000000,17856.000000,12176.000000
13303.000000,13763.000000,17879.000000,12186.000000
13308.000000,13767.000000,17900.000000,12202.000000
13312.000000,13762.000000,17925.000000,12212.000000
13314.000000,13767.000000,17946.000000,12220.000000
13314.000000,13767.000000,17978.000000,12244.000000
13313.000000,13766.000000,17980.000000,12242.000000
13308.000000,13763.000000,17960.000000,12237.000000
13299.000000,13757.000000,17929.000000,12218.000000
13290.000000,13750.000000,17868.000000,12186.000000
13281.000000,13749.000000,17796.000000,12146.000000
13271.000000,13742.000000,17712.000000,12098.000000
13261.000000,13735.000000,17627.000000,12049.000000
13254.000000,13734.000000,17544.000000,12004.000000
13247.000000,13730.000000,17471.000000,11962.000000
13235.000000,13726.000000,17363.000000,11895.000000
13234.000000,13724.000000,17323.000000,11872.000000
13230.000000,13723.000000,17297.000000,11859.000000
13230.000000,13722.000000,17275.000000,11847.000000
13228.000000,13721.000000,17261.000000,11836.000000
13229.000000,13720.000000,17255.000000,11830.000000
13229.000000,13728.000000,17245.000000,11828.000000
13229.000000,13720.000000,17245.000000,11825.000000
13228.000000,13722.000000,17244.000000,11823.000000
13229.000000,13725.000000,17257.000000,11833.000000
13229.000000,13724.000000,17273.000000,11838.000000
13233.000000,13726.000000,17286.000000,11846.000000
13235.000000,13725.000000,17305.000000,11856.000000
13237.000000,13727.000000,17320.000000,11867.000000
13237.000000,13729.000000,17331.000000,11873.000000
13234.000000,13730.000000,17344.000000,11879.000000
13241.000000,13722.000000,17346.000000,11881.000000
13236.000000,13730.000000,17354.000000,11881.000000
13239.000000,13726.000000,17345.000000,11878.000000
13232.000000,13727.000000,17339.000000,11874.000000
13234.000000,13724.000000,17335.000000,11873.000000
13234.000000,13728.000000,17329.000000,11871.000000
13232.000000,13727.000000,17324.000000,11868.000000
13231.000000,13728.000000,17323.000000,11866.000000
13235.000000,13727.000000,17321.000000,11865.000000
13232.000000,13732.000000,17321.000000,11863.000000
13233.000000,13728.000000,17319.000000,11863.000000
13234.000000,13725.000000,17322.000000,11867.000000
13237.000000,13726.000000,17345.000000,11878.000000
13237.000000,13730.000000,17354.000000,11882.000000
13238.000000,13733.000000,17367.000000,11888.000000
13241.000000,13733.000000,17382.000000,11898.000000
13239.000000,13732.000000,17396.000000,11907.000000
13243.000000,13735.000000,17412.000000,11915.000000
13243.000000,13737.000000,17431.000000,11922.000000
13245.000000,13736.000000,17447.000000,11932.000000
13252.000000,13741.000000,17461.000000,11943.000000
13255.000000,13740.000000,17500.000000,11964.000000
13256.000000,13740.000000,17518.000000,11975.000000
13260.000000,13742.000000,17538.000000,11986.000000
13263.000000,13745.000000,17558.000000,11997.000000
13263.000000,13744.000000,17576.000000,12009.000000
13265.000000,13746.000000,17599.000000,12021.000000
13264.000000,13749.000000,17617.000000,12032.000000
13269.000000,13757.000000,17637.000000,12044.000000
13274.000000,13751.000000,17661.000000,12056.000000
13237.000000,13729.000000,17331.000000,12076.000000
13280.000000,13755.000000,17722.000000,12091.000000
13280.000000,13754.000000,17741.000000,12103.000000
13287.000000,13759.000000,17756.000000,12116.000000
13287.000000,13761.000000,17779.000000,12122.000000
13290.000000,13760.000000,17794.000000,12136.000000
13295.000000,13760.000000,17817.000000,12149.000000
13293.000000,13766.000000,17834.000000,12157.000000
13294.000000,13770.000000,17849.000000,12167.000000
13299.000000,13765.000000,17864.000000,12175.000000
13303.000000,13768.000000,17905.000000,12195.000000
13305.000000,13770.000000,17921.000000,12207.000000
13306.000000,13771.000000,17939.000000,12217.000000
13308.000000,13770.000000,17960.000000,12228.000000
13311.000000,13773.000000,17981.000000,12239.000000
13313.000000,13774.000000,18001.000000,12250.000000
13319.000000,13775.000000,18019.000000,12262.000000
13317.000000,13775.000000,18044.000000,12274.000000
13321.000000,13779.000000,18063.000000,12292.000000
13322.000000,13780.000000,18088.000000,12302.000000
13317.000000,13778.000000,18080.000000,12297.000000
13313.000000,13774.000000,18061.000000,12288.000000
13302.000000,13766.000000,18013.000000,12265.000000
13292.000000,13762.000000,17952.000000,12229.000000
13282.000000,13755.000000,17872.000000,12183.000000
13272.000000,13751.000000,17788.000000,12135.000000
13264.000000,13746.000000,17695.000000,12086.000000
13254.000000,13743.000000,17617.000000,12040.000000
13249.000000,13739.000000,17538.000000,11998.000000
13239.000000,13734.000000,17430.000000,11933.000000
13238.000000,13732.000000,17394.000000,11914.000000
13234.000000,13732.000000,17369.000000,11898.000000
13233.000000,13729.000000,17348.000000,11886.000000
13233.000000,13731.000000,17332.000000,11877.000000
13235.000000,13726.000000,17327.000000,11871.000000
13234.000000,13728.000000,17321.000000,11865.000000
13232.000000,13725.000000,17316.000000,11861.000000
13230.000000,13727.000000,17313.000000,11858.000000
13232.000000,13730.000000,17323.000000,11863.000000
13233.000000,13733.000000,17334.000000,11869.000000
13237.000000,13732.000000,17348.000000,11879.000000
13236.000000,13731.000000,17365.000000,11887.000000
13241.000000,13733.000000,17377.000000,11897.000000
13240.000000,13735.000000,17387.000000,11900.000000
13233.000000,13734.000000,17397.000000,11907.000000
13240.000000,13728.000000,17402.000000,11906.000000
13236.000000,13735.000000,17402.000000,11910.000000
13233.000000,13731.000000,17386.000000,11902.000000
13235.000000,13729.000000,17376.000000,11897.000000
13233.000000,13730.000000,17370.000000,11890.000000
13231.000000,13731.000000,17358.000000,11888.000000
13231.000000,13731.000000,17353.000000,11883.000000
13228.000000,13730.000000,17346.000000,11882.000000
13228.000000,13728.000000,17345.000000,11882.000000
13233.000000,13723.000000,17345.000000,11882.000000
13229.000000,13728.000000,17343.000000,11881.000000
13230.000000,13731.000000,17353.000000,11887.000000
13235.000000,13732.000000,17373.000000,11894.000000
13238.000000,13733.000000,17379.000000,11902.000000
13239.000000,13734.000000,17394.000000,11910.000000
13238.000000,13732.000000,17410.000000,11920.000000
13241.000000,13734.000000,17425.000000,11926.000000
13245.000000,13735.000000,17442.000000,11939.000000
13245.000000,13742.000000,17462.000000,11947.000000
13247.000000,13736.000000,17484.000000,11958.000000
13250.000000,13741.000000,17496.000000,11964.000000
13254.000000,13743.000000,17537.000000,11991.000000
13257.000000,13747.000000,17555.000000,12002.000000
13259.000000,13745.000000,17578.000000,12013.000000
13258.000000,13746.000000,17602.000000,12028.000000
13263.000000,13751.000000,17618.000000,12042.000000
13266.000000,13750.000000,17642.000000,12051.000000
13265.000000,13752.000000,17661.000000,12066.000000
13271.000000,13762.000000,17682.000000,12079.000000
13274.000000,13758.000000,17708.000000,12090.000000
13277.000000,13759.000000,17742.000000,12110.000000
13279.000000,13758.000000,17761.000000,12122.000000
13283.000000,13760.000000,17782.000000,12135.000000
13285.000000,13763.000000,17799.000000,12142.000000
13288.000000,13761.000000,17819.000000,12157.000000
13288.000000,13764.000000,17834.000000,12164.000000
13294.000000,13766.000000,17858.000000,12173.000000
13288.000000,13764.000000,17865.000000,12186.000000
13296.000000,13766.000000,17886.000000,12197.000000
13296.000000,13765.000000,17909.000000,12204.000000
13301.000000,13771.000000,17945.000000,12227.000000
13302.000000,13772.000000,17966.000000,12239.000000
13305.000000,13770.000000,17984.000000,12249.000000
13308.000000,13773.000000,18007.000000,12261.000000
482.000000,13779.000000,18026.000000,12271.000000
13313.000000,13775.000000,18053.000000,12285.000000
13318.000000,13782.000000,18072.000000,12296.000000
13319.000000,13777.000000,18094.000000,12312.000000
13323.000000,13780.000000,18113.000000,12319.000000
13317.000000,13779.000000,18126.000000,12330.000000
13313.000000,13774.000000,18108.000000,12321.000000
13305.000000,13771.000000,18074.000000,12303.000000
13298.000000,13766.000000,18015.000000,12272.000000
13283.000000,13762.000000,17942.000000,12231.000000
13274.000000,13753.000000,17856.000000,12183.000000
13260.000000,13748.000000,17767.000000,12133.000000
13256.000000,13740.000000,17675.000000,12081.000000
13248.000000,13740.000000,17587.000000,12035.000000
13234.000000,13736.000000,17462.000000,11965.000000
13232.000000,13734.000000,17415.000000,11932.000000
13232.000000,13731.000000,17380.000000,11912.000000
13228.000000,13732.000000,17360.000000,11900.000000
13226.000000,13729.000000,17336.000000,11883.000000
13222.000000,13730.000000,17320.000000,11876.000000
13229.000000,13728.000000,17309.000000,11871.000000
13223.000000,13731.000000,17307.000000,11864.000000
13225.000000,13726.000000,17297.000000,11861.000000
13222.000000,13729.000000,17294.000000,11859.000000
13221.000000,13729.000000,17310.000000,11862.000000
13229.000000,13733.000000,17323.000000,11870.000000
13228.000000,13733.000000,17337.000000,11881.000000
13228.000000,13732.000000,17346.000000,11885.000000
