timestamp,Channel 1,Channel 2,Channel 3
1631125564454,2560,186382,262143
1631125564470,2560,186382,262143
1631125564470,2560,186382,262143
1631125564485,2560,186382,262143
1631125564501,2560,186382,262143
1631125564517,2560,186382,262143
1631125564523,2560,186382,262143
1631125564539,2560,186382,262143
1631125564539,2560,186382,262143
1631125564554,2560,186382,262143
1631125564570,2560,186382,262143
1631125564570,2560,186382,262143
1631125564585,2560,186382,262143
1631125564601,2560,186382,262143
1631125564617,2560,186382,262143
1631125564623,2560,186382,262143
1631125564623,2560,186382,262143
1631125564639,2560,186382,262143
1631125564655,2560,186382,262143
1631125564670,2560,186382,262143
1631125564670,2560,186382,262143
1631125564686,2560,186382,262143
1631125564702,2560,186382,262143
1631125564702,2560,186382,262143
1631125564724,2560,186382,262143
1631125564724,2560,186382,262143
1631125564740,2560,186382,262143
1631125564755,2560,186382,262143
1631125564755,2560,186382,262143
1631125564771,2560,186382,262143
1631125564786,2560,186382,262143
1631125564802,2560,186382,262143
1631125564802,2560,186382,262143
1631125564824,2560,186382,262143
1631125564824,2560,186382,262143
1631125564840,2560,186382,262143
1631125564856,2560,186382,262143
1631125564856,2560,186382,262143
1631125564871,2560,186382,262143
1631125564887,2560,186382,262143
1631125564887,2560,186382,262143
1631125564903,2560,186382,262143
1631125564918,2560,186382,262143
1631125564925,2560,186382,262143
1631125564941,2560,186382,262143
1631125564941,2560,186382,262143
1631125564956,2560,186382,262143
1631125564972,2560,186382,262143
1631125564987,2560,186382,262143
1631125564987,2560,186382,262143
1631125565003,2560,186382,262143
1631125565018,2560,186382,262143
1631125565025,2560,186382,262143
1631125565041,2560,186382,262143
1631125565041,2560,186382,262143
1631125565057,2560,186382,262143
1631125565072,2560,186382,262143
1631125565072,2560,186382,262143
1631125565088,2560,186382,262143
1631125565103,2560,186382,262143
1631125565119,2560,186382,262143
1631125565119,2560,186382,262143
1631125565135,2560,186382,262143
1631125565150,2560,186382,262143
1631125565150,2560,186382,262143
1631125565166,2560,186382,262143
1631125565182,2560,186382,262143
1631125565182,2560,186382,262143
1631125565197,2560,186382,262143
1631125565213,2560,186382,262143
1631125565228,2560,186382,262143
1631125565228,2560,186382,262143
1631125565244,2560,186382,262143
1631125565260,2560,186382,262143
1631125565260,2560,186382,262143
1631125565283,2560,186382,262143
1631125565294,2560,186382,262143
1631125565294,2560,186382,262143
1631125565310,2560,186382,262143
1631125565326,2560,186382,262143
1631125565326,2560,186382,262143
1631125565341,2560,186382,262143
1631125565357,2560,186382,262143
1631125565357,2560,186382,262143
1631125565372,2560,186382,262143
1631125565388,2560,186382,262143
1631125565404,2560,186382,262143
1631125565404,2560,186382,262143
1631125565419,2560,186382,262143
1631125565435,2560,186382,262143
1631125565435,2560,186382,262143
1631125565451,2560,186382,262143
1631125565466,2560,186382,262143
1631125565466,2560,186382,262143
1631125565482,2560,186382,262143
1631125565498,2560,186382,262143
1631125565514,2560,186382,262143
1631125565514,2560,186382,262143
1631125565529,2560,186382,262143
1631125565545,2560,186382,262143
1631125565545,2560,186382,262143
1631125565560,2560,186382,262143
1631125565576,2560,186382,262143
1631125565576,2560,186382,262143
1631125565592,2560,186382,262143
1631125565608,2560,186382,262143
1631125565623,2560,186382,262143
1631125565623,2560,186382,262143
1631125565639,2560,186382,262143
1631125565654,2560,186382,262143
1631125565654,2560,186382,262143
1631125565670,2560,186382,262143
1631125565686,2560,186382,262143
1631125565686,2560,186382,262143
1631125565701,2560,186382,262143
1631125565717,2560,186382,262143
1631125565732,2560,186382,262143
1631125565732,2560,186382,262143
1631125565748,2560,186382,262143
1631125565764,2560,186382,262143
1631125565764,2560,186382,262143
1631125565779,2560,186382,262143
1631125565795,2560,186382,262143
1631125565795,2560,186382,262143
1631125565810,2560,186382,262143
1631125565826,2560,186382,262143
1631125565842,2560,186382,262143
1631125565842,2560,186382,262143
1631125565857,2560,186382,262143
1631125565873,2560,186382,262143
1631125565873,2560,186382,262143
1631125565889,2560,186382,262143
1631125565904,2560,186382,262143
1631125565904,2560,186382,262143
1631125565920,2560,186382,262143
1631125565935,2560,186382,262143
1631125565951,2560,186382,262143
1631125565951,2560,186382,262143
1631125565967,2560,186382,262143
1631125565983,2560,186382,262143
1631125565983,2560,186382,262143
1631125565998,2560,186382,262143
1631125566014,2560,186382,262143
1631125566014,2560,186382,262143
1631125566029,2560,186382,262143
1631125566045,2560,186382,262143
1631125566061,2560,186382,262143
1631125566061,2560,186382,262143
1631125566076,2560,186382,262143
1631125566092,2560,186382,262143
1631125566092,2560,186382,262143
1631125566108,2560,186382,262143
1631125566124,2560,186382,262143
1631125566124,2560,186382,262143
1631125566139,2560,186382,262143
1631125566155,2560,186382,262143
1631125566170,2560,186382,262143
1631125566170,2560,186382,262143
1631125566186,2560,186382,262143
1631125566201,2560,186382,262143
1631125566201,2560,186382,262143
1631125566217,2560,186382,262143
1631125566233,2560,186382,262143
1631125566233,2560,186382,262143
1631125566248,2560,186382,262143
1631125566264,2560,186382,262143
1631125566280,2560,186382,262143
1631125566280,2560,186382,262143
1631125566295,2560,186382,262143
1631125566311,2560,186382,262143
1631125566311,2560,186382,262143
1631125566327,2560,186382,262143
1631125566342,2560,186382,262143
1631125566342,2560,186382,262143
1631125566358,2560,186382,262143
1631125566374,2560,186382,262143
1631125566389,2560,186382,262143
1631125566389,2560,186382,262143
1631125566405,2560,186382,262143
1631125566421,2560,186382,262143
1631125566421,2560,186382,262143
1631125566436,2560,186382,262143
1631125566452,2560,186382,262143
1631125566452,2560,186382,262143
1631125566467,2560,186382,262143
1631125566483,2560,186382,262143
1631125566499,2560,186382,262143
1631125566499,2560,186382,262143
1631125566514,2560,186382,262143
1631125566530,2560,186382,262143
1631125566530,2560,186382,262143
1631125566546,2560,186382,262143
1631125566561,2560,186382,262143
1631125566561,2560,186382,262143
1631125566577,2560,186382,262143
1631125566593,2560,186382,262143
1631125566608,2560,186382,262143
1631125566608,2560,186382,262143
1631125566624,2560,186382,262143
1631125566640,2560,186382,262143
1631125566640,2560,186382,262143
1631125566655,2560,186382,262143
1631125566671,2560,186382,262143
1631125566671,2560,186382,262143
1631125566686,2560,186382,262143
1631125566702,2560,186382,262143
1631125566702,2560,186382,262143
1631125566718,2560,186382,262143
1631125566733,2560,186382,262143
1631125566749,2560,186382,262143
1631125566749,2560,186382,262143
1631125566765,2560,186382,262143
1631125566781,2560,186382,262143
1631125566781,2560,186382,262143
1631125566796,2560,186382,262143
1631125566812,2560,186382,262143
1631125566827,2560,186382,262143
1631125566827,2560,186382,262143
1631125566843,2560,186382,262143
1631125566859,2560,186382,262143
1631125566859,2560,186382,262143
1631125566874,2560,186382,262143
1631125566890,2560,186382,262143
1631125566890,2560,186382,262143
1631125566905,2560,186382,262143
1631125566926,2560,186382,262143
1631125566926,2560,186382,262143
1631125566942,2560,186382,262143
1631125566957,2560,186382,262143
1631125566957,2560,186382,262143
1631125566973,2560,186382,262143
1631125566988,2560,186382,262143
1631125566988,2560,186382,262143
1631125567004,2560,186382,262143
1631125567020,2560,186382,262143
1631125567020,2560,186382,262143
1631125567035,2560,186382,262143
1631125567051,2560,186382,262143
1631125567066,2560,186382,262143
1631125567066,2560,186382,262143
1631125567082,2560,186382,262143
1631125567098,2560,186382,262143
1631125567098,2560,186382,262143
1631125567113,2560,186382,262143
1631125567129,2560,186382,262143
1631125567145,2560,186382,262143
1631125567145,2560,186382,262143
1631125567160,2560,186382,262143
1631125567176,2560,186382,262143
1631125567176,2560,186382,262143
1631125567192,2560,186382,262143
1631125567208,2560,186382,262143
1631125567208,2560,186382,262143
1631125567223,2560,186382,262143
1631125567239,2560,186382,262143
1631125567254,2560,186382,262143
1631125567254,2560,186382,262143
1631125567270,2560,186382,262143
1631125567286,2560,186382,262143
1631125567286,2560,186382,262143
1631125567301,2560,186382,262143
1631125567317,2560,186382,262143
1631125567317,2560,186382,262143
1631125567333,2560,186382,262143
1631125567348,2560,186382,262143
1631125567364,2560,186382,262143
1631125567364,2560,186382,262143
1631125567380,2560,186382,262143
1631125567395,2560,186382,262143
1631125567395,2560,186382,262143
1631125567411,2560,186382,262143
1631125567427,2560,186382,262143
1631125567427,2560,186382,262143
1631125567442,2560,186382,262143
1631125567458,2560,186382,262143
1631125567458,2560,186382,262143
1631125567473,2560,186382,262143
1631125567489,2560,186382,262143
1631125567505,2560,186382,262143
1631125567505,2560,186382,262143
1631125567520,2560,186382,262143
1631125567536,2560,186382,262143
1631125567536,2560,186382,262143
1631125567551,2560,186382,262143
1631125567567,2560,186382,262143
1631125567583,2560,186382,262143
1631125567583,2560,186382,262143
1631125567598,2560,186382,262143
1631125567614,2560,186382,262143
1631125567614,2560,186382,262143
1631125567629,2560,186382,262143
1631125567645,2560,186382,262143
1631125567645,2560,186382,262143
1631125567661,2560,186382,262143
1631125567677,2560,186382,262143
1631125567692,2560,186382,262143
1631125567692,2560,186382,262143
1631125567708,2560,186382,262143
1631125567724,2560,186382,262143
1631125567724,2560,186382,262143
1631125567739,2560,186382,262143
1631125567755,2560,186382,262143
1631125567755,2560,186382,262143
1631125567770,2560,186382,262143
1631125567786,2560,186382,262143
1631125567786,2560,186382,262143
1631125567801,2560,186382,262143
1631125567817,2560,186382,262143
1631125567833,2560,186382,262143
1631125567833,2560,186382,262143
1631125567848,2560,186382,262143
1631125567864,2560,186382,262143
1631125567864,2560,186382,262143
1631125567879,2560,186382,262143
1631125567895,2560,186382,262143
1631125567911,2560,186382,262143
1631125567911,2560,186382,262143
1631125567927,2560,186382,262143
1631125567943,2560,186382,262143
1631125567943,2560,186382,262143
1631125567958,2560,186382,262143
1631125567974,2560,186382,262143
1631125567974,2560,186382,262143
1631125567989,2560,186382,262143
1631125568005,2560,186382,262143
1631125568020,2560,186382,262143
1631125568020,2560,186382,262143
1631125568036,2560,186382,262143
1631125568052,2560,186382,262143
1631125568052,2560,186382,262143
1631125568067,2560,186382,262143
1631125568083,2560,186382,262143
1631125568083,2560,186382,262143
1631125568098,2560,186382,262143
1631125568114,2560,186382,262143
1631125568130,2560,186382,262143
1631125568130,2560,186382,262143
1631125568145,2560,186382,262143
1631125568161,2560,186382,262143
1631125568161,2560,186382,262143
1631125568177,2560,186382,262143
1631125568192,2560,186382,262143
1631125568192,2560,186382,262143
1631125568208,2560,186382,262143
1631125568224,2560,186382,262143
1631125568239,2560,186382,262143
1631125568239,2560,186382,262143
1631125568255,2560,186382,262143
1631125568270,2560,186382,262143
1631125568270,2560,186382,262143
1631125568286,2560,186382,262143
1631125568302,2560,186382,262143
1631125568302,2560,186382,262143
1631125568317,2560,186382,262143
1631125568333,2560,186382,262143
1631125568349,2560,186382,262143
1631125568349,2560,186382,262143
1631125568364,2560,186382,262143
1631125568380,2560,186382,262143
1631125568380,2560,186382,262143
1631125568395,2560,186382,262143
1631125568411,2560,186382,262143
1631125568411,2560,186382,262143
1631125568427,2560,186382,262143
1631125568442,2560,186382,262143
1631125568458,2560,186382,262143
1631125568458,2560,186382,262143
1631125568480,2560,186382,262143
1631125568480,2560,186382,262143
1631125568495,2560,186382,262143
1631125568511,2560,186382,262143
1631125568511,2560,186382,262143
1631125568527,2560,186382,262143
1631125568543,2560,186382,262143
1631125568543,2560,186382,262143
1631125568558,2560,186382,262143
1631125568574,2560,186382,262143
1631125568589,2560,186382,262143
1631125568589,2560,186382,262143
1631125568605,2560,186382,262143
1631125568621,2560,186382,262143
1631125568621,2560,186382,262143
1631125568636,2560,186382,262143
1631125568652,2560,186382,262143
1631125568652,2560,186382,262143
1631125568667,2560,186382,262143
1631125568683,2560,186382,262143
1631125568699,2560,186382,262143
1631125568699,2560,186382,262143
1631125568714,2560,186382,262143
1631125568731,2560,186382,262143
1631125568742,2560,186382,262143
1631125568742,2560,186382,262143
1631125568758,2560,186382,262143
1631125568773,2560,186382,262143
1631125568773,2560,186382,262143
1631125568789,2560,186382,262143
1631125568805,2560,186382,262143
1631125568805,2560,186382,262143
1631125568820,2560,186382,262143
1631125568836,2560,186382,262143
1631125568851,2560,186382,262143
1631125568851,2560,186382,262143
1631125568867,2560,186382,262143
1631125568883,2560,186382,262143
1631125568883,2560,186382,262143
1631125568898,2560,186382,262143
1631125568914,2560,186382,262143
1631125568914,2560,186382,262143
1631125568930,2560,186382,262143
1631125568945,2560,186382,262143
1631125568961,2560,186382,262143
1631125568961,2560,186382,262143
1631125568977,2560,186382,262143
1631125568992,2560,186382,262143
1631125568992,2560,186382,262143
1631125569008,2560,186382,262143
1631125569024,2560,186382,262143
1631125569024,2560,186382,262143
1631125569039,2560,186382,262143
1631125569055,2560,186382,262143
1631125569070,2560,186382,262143
1631125569070,2560,186382,262143
1631125569086,2560,186382,262143
1631125569102,2560,186382,262143
1631125569102,2560,186382,262143
1631125569117,2560,186382,262143
1631125569133,2560,186382,262143
1631125569133,2560,186382,262143
1631125569148,2560,186382,262143
1631125569164,2560,186382,262143
1631125569180,2560,186382,262143
1631125569180,2560,186382,262143
1631125569195,2560,186382,262143
1631125569211,2560,186382,262143
1631125569211,2560,186382,262143
1631125569227,2560,186382,262143
1631125569243,2560,186382,262143
1631125569243,2560,186382,262143
1631125569258,2560,186382,262143
1631125569274,2560,186382,262143
1631125569290,2560,186382,262143
1631125569290,2560,186382,262143
1631125569306,2560,186382,262143
1631125569321,2560,186382,262143
1631125569321,2560,186382,262143
1631125569337,2560,186382,262143
1631125569353,2560,186382,262143
1631125569353,2560,186382,262143
1631125569368,2560,186382,262143
1631125569384,2560,186382,262143
1631125569399,2560,186382,262143
1631125569399,2560,186382,262143
1631125569415,2560,186382,262143
1631125569431,2560,186382,262143
1631125569431,2560,186382,262143
1631125569446,2560,186382,262143
1631125569462,2560,186382,262143
1631125569462,2560,186382,262143
1631125569478,2560,186382,262143
1631125569494,2560,186382,262143
1631125569509,2560,186382,262143
1631125569509,2560,186382,262143
1631125569525,2560,186382,262143
1631125569541,2560,186382,262143
1631125569541,2560,186382,262143
1631125569556,2560,186382,262143
1631125569572,2560,186382,262143
1631125569572,2560,186382,262143
1631125569587,2560,186382,262143
1631125569603,2560,186382,262143
1631125569603,2560,186382,262143
1631125569619,2560,186382,262143
1631125569634,2560,186382,262143
1631125569651,2560,186382,262143
1631125569651,2560,186382,262143
1631125569667,2560,186382,262143
1631125569683,2560,186382,262143
1631125569683,2560,186382,262143
1631125569698,2560,186382,262143
1631125569714,2560,186382,262143
1631125569714,2560,186382,262143
1631125569729,2560,186382,262143
1631125569745,2560,186382,262143
1631125569761,2560,186382,262143
1631125569761,2560,186382,262143
1631125569776,2560,186382,262143
1631125569792,2560,186382,262143
1631125569792,2560,186382,262143
1631125569808,2560,186382,262143
1631125569823,2560,186382,262143
1631125569823,2560,186382,262143
1631125569839,2560,186382,262143
1631125569860,2560,186382,262143
1631125569860,2560,186382,262143
1631125569876,2560,186382,262143
1631125569891,2560,186382,262143
1631125569891,2560,186382,262143
1631125569915,2560,186382,262143
1631125569915,2560,186382,262143
1631125569930,2560,186382,262143
1631125569946,2560,186382,262143
1631125569946,2560,186382,262143
1631125569961,2560,186382,262143
1631125569977,2560,186382,262143
1631125569977,2560,186382,262143
1631125569993,2560,186382,262143
1631125570009,2560,186382,262143
1631125570024,2560,186382,262143
1631125570024,2560,186382,262143
1631125570040,2560,186382,262143
1631125570055,2560,186382,262143
1631125570055,2560,186382,262143
1631125570079,2560,186382,262143
1631125570079,2560,186382,262143
1631125570094,2560,186382,262143
1631125570110,2560,186382,262143
1631125570110,2560,186382,262143
1631125570126,2560,186382,262143
1631125570141,2560,186382,262143
1631125570141,2560,186382,262143
1631125570157,2560,186382,262143
1631125570173,2560,186382,262143
1631125570188,2560,186382,262143
1631125570188,2560,186382,262143
1631125570204,2560,186382,262143
1631125570220,2560,186382,262143
1631125570220,2560,186382,262143
1631125570235,2560,186382,262143
1631125570251,2560,186382,262143
1631125570251,2560,186382,262143
1631125570266,2560,186382,262143
1631125570282,2560,186382,262143
1631125570298,2560,186382,262143
1631125570298,2560,186382,262143
1631125570313,2560,186382,262143
1631125570329,2560,186382,262143
1631125570329,2560,186382,262143
1631125570344,2560,186382,262143
1631125570360,2560,186382,262143
1631125570360,2560,186382,262143
1631125570376,2560,186382,262143
1631125570391,2560,186382,262143
1631125570407,2560,186382,262143
1631125570407,2560,186382,262143
1631125570423,2560,186382,262143
1631125570438,2560,186382,262143
1631125570438,2560,186382,262143
1631125570454,2560,186382,262143
1631125570469,2560,186382,262143
1631125570469,2560,186382,262143
1631125570485,2560,186382,262143
1631125570501,2560,186382,262143
1631125570516,2560,186382,262143
1631125570516,2560,186382,262143
1631125570532,2560,186382,262143
1631125570548,2560,186382,262143
1631125570548,2560,186382,262143
1631125570563,2560,186382,262143
1631125570579,2560,186382,262143
1631125570579,2560,186382,262143
1631125570594,2560,186382,262143
1631125570610,2560,186382,262143
1631125570626,2560,186382,262143
1631125570626,2560,186382,262143
1631125570641,2560,186382,262143
1631125570657,2560,186382,262143
1631125570657,2560,186382,262143
1631125570672,2560,186382,262143
1631125570688,2560,186382,262143
1631125570688,2560,186382,262143
1631125570704,2560,186382,262143
1631125570720,2560,186382,262143
1631125570735,2560,186382,262143
1631125570735,2560,186382,262143
1631125570751,2560,186382,262143
1631125570766,2560,186382,262143
1631125570766,2560,186382,262143
1631125570782,2560,186382,262143
1631125570798,2560,186382,262143
1631125570798,2560,186382,262143
1631125570813,2560,186382,262143
1631125570829,2560,186382,262143
1631125570845,2560,186382,262143
1631125570845,2560,186382,262143
1631125570860,2560,186382,262143
1631125570876,2560,186382,262143
1631125570876,2560,186382,262143
1631125570891,2560,186382,262143
1631125570907,2560,186382,262143
1631125570907,2560,186382,262143
1631125570922,2560,186382,262143
1631125570938,2560,186382,262143
1631125570954,2560,186382,262143
1631125570954,2560,186382,262143
1631125570977,2560,186382,262143
1631125570977,2560,186382,262143
1631125570988,2560,186382,262143
1631125571004,2560,186382,262143
1631125571020,2560,186382,262143
1631125571020,2560,186382,262143
1631125571035,2560,186382,262143
1631125571051,2560,186382,262143
1631125571051,2560,186382,262143
1631125571066,2560,186382,262143
1631125571082,2560,186382,262143
1631125571082,2560,186382,262143
1631125571098,2560,186382,262143
1631125571113,2560,186382,262143
1631125571129,2560,186382,262143
1631125571129,2560,186382,262143
1631125571145,2560,186382,262143
1631125571160,2560,186382,262143
1631125571160,2560,186382,262143
1631125571176,2560,186382,262143
1631125571192,2560,186382,262143
1631125571192,2560,186382,262143
1631125571207,2560,186382,262143
1631125571223,2560,186382,262143
1631125571238,2560,186382,262143
1631125571238,2560,186382,262143
1631125571254,2560,186382,262143
1631125571270,2560,186382,262143
1631125571270,2560,186382,262143
1631125571285,2560,186382,262143
1631125571301,2560,186382,262143
1631125571301,2560,186382,262143
1631125571316,2560,186382,262143
1631125571332,2560,186382,262143
1631125571348,2560,186382,262143
1631125571348,2560,186382,262143
1631125571363,2560,186382,262143
1631125571379,2560,186382,262143
1631125571379,2560,186382,262143
1631125571394,2560,186382,262143
1631125571410,2560,186382,262143
1631125571426,2560,186382,262143
1631125571426,2560,186382,262143
1631125571441,2560,186382,262143
1631125571457,2560,186382,262143
1631125571457,2560,186382,262143
1631125571473,2560,186382,262143
1631125571488,2560,186382,262143
1631125571488,2560,186382,262143
1631125571504,2560,186382,262143
1631125571520,2560,186382,262143
1631125571520,2560,186382,262143
1631125571535,2560,186382,262143
1631125571552,2560,186382,262143
1631125571552,2560,186382,262143
1631125571568,2560,186382,262143
1631125571584,2560,186382,262143
1631125571599,2560,186382,262143
1631125571599,2560,186382,262143
1631125571615,2560,186382,262143
1631125571631,2560,186382,262143
1631125571631,2560,186382,262143
1631125571646,2560,186382,262143
1631125571662,2560,186382,262143
1631125571677,2560,186382,262143
