timestamp,Channel 1,Channel 2,Channel 3,Channel 4
1631020763372,19570,22929,37726,23935
1631020763403,19569,22929,37739,23939
1631020763450,19571,22924,37744,23943
1631020763497,19538,22901,37640,23901
1631020763528,19515,22887,37552,23868
1631020763575,19513,22885,37542,23864
1631020763622,19530,22895,37566,23873
1631020763653,19542,22902,37596,23885
1631020763707,19541,22899,37609,23886
1631020763736,19538,22899,37592,23880
1631020763783,19536,22897,37574,23873
1631020763829,19536,22888,37576,23874
1631020763861,19538,22889,37582,23883
1631020763907,19541,22887,37601,23888
1631020763954,19544,22890,37612,23897
1631020763986,19547,22892,37623,23901
1631020764033,19544,22886,37631,23906
1631020764079,19548,22887,37643,23913
1631020764111,19551,22894,37666,23921
1631020764157,19561,22894,37686,23933
1631020764204,19573,22910,37721,23951
1631020764251,19559,22895,37674,23936
1631020764282,19526,22874,37541,23883
1631020764329,19526,22870,37515,23868
1631020764376,19538,22878,37542,23878
1631020764407,19545,22882,37559,23888
1631020764454,19553,22888,37588,23900
1631020764501,19550,22884,37577,23892
1631020764532,19543,22878,37552,23886
1631020764579,19548,22875,37545,23883
1631020764626,19552,22874,37558,23884
1631020764657,19547,22872,37579,23893
1631020764704,19554,22871,37592,23895
1631020764751,19554,22868,37604,23900
1631020764782,19555,22871,37614,23900
1631020764829,19546,22871,37619,23905
1631020764876,19549,22867,37626,23910
1631020764907,19552,22863,37641,23913
1631020764954,19551,22861,37654,23922
1631020765001,19539,22850,37631,23907
1631020765032,19509,22832,37526,23866
1631020765079,19501,22822,37477,23850
1631020765126,19516,22834,37503,23860
1631020765157,19513,22836,37514,23865
1631020765204,19506,22819,37519,23863
1631020765251,19497,22813,37508,23859
1631020765298,19484,22798,37482,23852
1631020765329,19496,22811,37514,23858
1631020765376,19515,22823,37556,23875
1631020765423,19531,22835,37592,23893
1631020765454,19534,22839,37607,23896
1631020765501,19537,22840,37612,23898
1631020765548,19524,22833,37617,23906
1631020765585,19524,22826,37620,23906
1631020765632,19513,22816,37621,23909
1631020765663,19515,22814,37646,23919
1631020765710,19528,22820,37674,23936
1631020765757,19511,22815,37657,23933
1631020765788,19485,22797,37569,23895
1631020765835,19484,22792,37539,23888
1631020765882,19493,22804,37570,23900
1631020765913,19502,22806,37595,23915
1631020765960,19521,22826,37651,23942
1631020766007,19532,22825,37664,23946
1631020766038,19528,22828,37667,23947
1631020766085,19525,22824,37667,23952
1631020766132,19526,22816,37683,23965
1631020766163,19531,22820,37715,23971
1631020766210,19536,22823,37738,23982
1631020766256,19550,22836,37764,24000
1631020766288,19560,22839,37793,24014
1631020766334,19567,22852,37809,24033
1631020766382,19592,22866,37851,24060
1631020766428,19599,22873,37880,24073
1631020766460,19604,22874,37895,24082
1631020766507,19579,22858,37830,24058
1631020766553,19564,22850,37773,24039
1631020766584,19570,22856,37796,24054
1631020766632,19581,22861,37825,24068
1631020766679,19588,22862,37850,24084
1631020766713,19588,22856,37849,24082
1631020766760,19576,22843,37829,24074
1631020766791,19570,22848,37828,24078
1631020766838,19581,22853,37848,24093
1631020766885,19588,22858,37873,24105
1631020766932,19598,22866,37904,24122
1631020766963,19618,22876,37949,24150
1631020767010,19636,22899,38000,24178
1631020767056,19638,22896,38012,24189
1631020767088,19636,22893,38019,24193
1631020767135,19638,22892,38012,24191
1631020767182,19612,22869,37955,24171
1631020767213,19594,22858,37873,24143
1631020767260,19597,22864,37886,24146
1631020767307,19609,22869,37922,24162
1631020767338,19622,22880,37950,24184
1631020767385,19626,22886,37970,24198
1631020767432,19627,22878,37942,24201
1631020767463,19626,22877,37933,24198
1631020767510,19623,22878,37940,24203
1631020767557,19628,22878,37959,24212
1631020767588,19629,22875,37975,24218
1631020767634,19636,22876,37988,24228
1631020767684,19635,22877,37999,24234
1631020767722,19641,22877,38011,24243
1631020767753,19645,22878,38030,24251
1631020767800,19650,22881,38047,24262
1631020767847,19640,22876,38019,24257
1631020767894,19616,22858,37907,24218
1631020767925,19604,22852,37854,24196
1631020767972,19611,22855,37860,24198
1631020768019,19611,22856,37873,24205
1631020768050,19620,22855,37889,24208
1631020768097,19620,22857,37887,24208
1631020768144,19612,22850,37865,24203
1631020768175,19615,22853,37862,24202
1631020768222,19622,22855,37874,24206
1631020768269,19620,22852,37894,24208
1631020768300,19626,22851,37915,24220
1631020768347,19625,22852,37923,24224
1631020768394,19628,22849,37926,24230
1631020768425,19629,22846,37933,24237
1631020768472,19631,22848,37943,24243
1631020768519,19637,22853,37962,24249
1631020768550,19644,22850,37975,24256
1631020768597,19629,22840,37920,24240
1631020768644,19599,22824,37801,24196
1631020768689,19599,22825,37762,24184
1631020768731,19611,22834,37785,24180
1631020768772,19617,22837,37794,24190
1631020768815,19622,22837,37810,24189
1631020768856,19618,22840,37799,24185
1631020768898,19618,22837,37777,24184
1631020768940,19616,22836,37780,24177
1631020768982,19619,22836,37787,24184
1631020769023,19618,22834,37798,24184
1631020769065,19616,22829,37805,24183
1631020769108,19627,22832,37817,24195
1631020769149,19635,22842,37839,24205
1631020769191,19642,22840,37845,24210
1631020769232,19644,22841,37857,24219
1631020769274,19642,22838,37868,24225
1631020769316,19645,22838,37880,24235
1631020769359,19647,22834,37891,24232
1631020769399,19616,22817,37786,24197
1631020769442,19597,22805,37675,24156
1631020769483,19614,22806,37672,24147
1631020769526,19622,22820,37688,24161
1631020769567,19629,22828,37711,24160
1631020769610,19633,22830,37713,24163
1631020769651,19626,22823,37680,24151
1631020769694,19624,22816,37647,24128
1631020769732,19626,22816,37656,24130
1631020769772,19627,22818,37661,24130
1631020769814,19631,22820,37676,24138
1631020769861,19634,22815,37682,24139
1631020769892,19633,22822,37695,24145
1631020769939,19638,22818,37699,24150
1631020769985,19642,22817,37715,24157
1631020770016,19648,22822,37726,24164
1631020770064,19648,22820,37742,24177
1631020770110,19652,22820,37748,24177
1631020770142,19654,22822,37769,24195
1631020770189,19649,22813,37750,24179
1631020770235,19616,22787,37609,24123
1631020770266,19604,22786,37534,24085
1631020770314,19618,22790,37533,24081
1631020770360,19622,22799,37549,24088
1631020770392,19627,22802,37564,24092
1631020770438,19627,22798,37560,24087
1631020770485,19623,22788,37525,24075
1631020770516,19615,22785,37504,24063
1631020770563,19620,22789,37520,24064
1631020770610,19623,22785,37534,24071
1631020770642,19627,22782,37543,24071
1631020770698,19627,22785,37554,24076
1631020770740,19635,22787,37569,24082
1631020770782,19638,22790,37579,24091
1631020770823,19643,22791,37598,24100
1631020770866,19641,22794,37611,24111
1631020770907,19649,22791,37629,24112
1631020770949,19651,22796,37642,24125
1631020770991,19647,22789,37646,24127
1631020771032,19621,22772,37540,24087
1631020771075,19599,22755,37424,24037
1631020771116,19616,22767,37428,24037
1631020771158,19624,22777,37442,24036
1631020771200,19633,22784,37462,24046
1631020771242,19631,22775,37468,24044
1631020771284,19626,22771,37433,24034
1631020771326,19622,22769,37418,24022
1631020771367,19622,22764,37424,24025
1631020771409,19624,22763,37437,24027
1631020771451,19628,22760,37455,24035
1631020771493,19635,22765,37470,24040
1631020771535,19636,22763,37490,24047
1631020771577,19642,22766,37496,24052
1631020771618,19641,22770,37508,24062
1631020771661,19649,22768,37522,24074
1631020771702,19650,22775,37548,24081
1631020771732,19655,22772,37572,24094
1631020771779,19654,22767,37569,24092
1631020771826,19616,22740,37446,24048
1631020771857,19607,22739,37354,24002
1631020771904,19618,22746,37355,24002
1631020771951,19625,22751,37374,24011
1631020771982,19631,22756,37401,24018
1631020772029,19638,22757,37409,24021
1631020772076,19632,22749,37382,24008
1631020772107,19632,22747,37368,24006
1631020772154,19630,22749,37384,24005
1631020772201,19632,22752,37402,24014
1631020772232,19639,22746,37420,24022
1631020772279,19639,22748,37436,24029
1631020772326,19647,22750,37457,24038
1631020772357,19653,22756,37474,24047
1631020772404,19655,22754,37494,24053
1631020772451,19661,22760,37511,24067
1631020772498,19666,22760,37529,24079
1631020772529,19670,22755,37558,24090
1631020772576,19671,22755,37564,24094
1631020772622,19637,22734,37456,24051
1631020772654,19619,22719,37345,24011
1631020772701,19627,22728,37340,24004
1631020772748,19639,22735,37368,24013
1631020772779,19642,22736,37389,24020
1631020772826,19648,22739,37407,24025
1631020772872,19647,22737,37389,24020
1631020772904,19643,22729,37373,24014
1631020772950,19647,22735,37379,24017
1631020772998,19648,22735,37401,24025
1631020773029,19649,22734,37420,24030
1631020773076,19654,22734,37440,24037
1631020773122,19660,22736,37454,24045
1631020773154,19667,22739,37475,24059
1631020773200,19672,22740,37488,24066
1631020773248,19669,22740,37498,24078
1631020773279,19677,22740,37514,24085
1631020773326,19678,22742,37535,24092
1631020773372,19679,22743,37557,24109
1631020773404,19664,22728,37503,24081
1631020773450,19639,22706,37375,24032
1631020773497,19636,22710,37341,24019
1631020773544,19647,22707,37365,24026
1631020773576,19652,22720,37393,24031
1631020773622,19656,22719,37417,24040
1631020773669,19657,22715,37404,24035
1631020773712,19650,22709,37371,24021
1631020773750,19649,22705,37362,24020
1631020773782,19648,22705,37379,24026
1631020773829,19649,22705,37404,24030
1631020773876,19654,22705,37419,24035
1631020773907,19659,22713,37436,24044
1631020773954,19664,22707,37458,24048
1631020774000,19667,22713,37474,24064
1631020774032,19666,22711,37490,24068
1631020774079,19672,22712,37507,24074
1631020774126,19675,22717,37523,24086
1631020774157,19675,22709,37536,24093
1631020774204,19656,22699,37480,24074
1631020774250,19632,22683,37349,24020
1631020774297,19639,22688,37344,24014
1631020774329,19652,22694,37371,24027
1631020774375,19653,22693,37397,24037
1631020774422,19662,22701,37425,24049
1631020774454,19658,22703,37411,24045
1631020774500,19654,22695,37397,24035
1631020774547,19656,22694,37404,24040
1631020774579,19659,22692,37425,24049
1631020774625,19666,22693,37445,24055
1631020774672,19671,22700,37469,24073
1631020774704,19672,22704,37482,24078
1631020774750,19674,22706,37501,24091
1631020774797,19682,22709,37515,24093
1631020774829,19689,22704,37531,24108
1631020774875,19688,22708,37557,24119
1631020774922,19693,22711,37572,24129
1631020774954,19682,22704,37547,24120
1631020775000,19651,22676,37423,24072
1631020775047,19642,22684,37366,24059
1631020775079,19656,22686,37400,24057
1631020775125,19666,22691,37429,24064
1631020775172,19671,22697,37451,24078
1631020775203,19672,22699,37452,24078
1631020775250,19667,22687,37426,24070
1631020775297,19662,22681,37404,24061
1631020775328,19663,22684,37416,24063
1631020775375,19665,22684,37438,24071
1631020775422,19671,22687,37459,24079
1631020775453,19680,22698,37489,24096
1631020775500,19683,22698,37508,24113
1631020775547,19690,22698,37527,24119
1631020775594,19690,22699,37541,24126
1631020775625,19698,22694,37558,24135
1631020775678,19698,22701,37576,24151
1631020775720,19689,22690,37559,24142
1631020775751,19658,22675,37434,24096
1631020775798,19654,22666,37369,24062
1631020775845,19660,22672,37382,24063
1631020775876,19671,22673,37411,24069
1631020775923,19675,22677,37434,24077
1631020775970,19678,22679,37433,24080
1631020776001,19672,22673,37411,24075
1631020776048,19669,22673,37413,24067
1631020776095,19670,22667,37422,24072
1631020776126,19676,22671,37449,24080
1631020776173,19680,22678,37464,24089
1631020776220,19685,22678,37473,24098
1631020776251,19686,22678,37489,24104
1631020776298,19684,22684,37494,24111
1631020776345,19690,22675,37512,24120
1631020776376,19697,22684,37537,24135
1631020776423,19698,22683,37558,24147
1631020776470,19689,22678,37533,24137
1631020776501,19657,22657,37418,24086
1631020776548,19650,22646,37358,24058
1631020776595,19660,22655,37371,24059
1631020776626,19667,22657,37383,24066
1631020776673,19670,22659,37406,24071
1631020776719,19670,22664,37404,24072
1631020776751,19661,22653,37377,24062
1631020776798,19667,22654,37369,24056
1631020776845,19668,22652,37387,24064
1631020776891,19671,22650,37407,24064
1631020776923,19668,22649,37415,24075
1631020776969,19676,22654,37429,24077
1631020777016,19677,22654,37444,24088
1631020777048,19680,22655,37458,24098
1631020777095,19680,22655,37470,24107
1631020777142,19682,22660,37492,24116
1631020777173,19687,22659,37511,24126
1631020777219,19662,22644,37417,24091
1631020777266,19644,22625,37321,24045
1631020777298,19646,22626,37305,24032
1631020777345,19650,22624,37317,24036
1631020777391,19651,22628,37333,24044
1631020777423,19659,22632,37355,24051
1631020777469,19659,22627,37323,24042
1631020777516,19656,22626,37306,24030
1631020777548,19658,22632,37316,24036
1631020777594,19662,22628,37329,24041
1631020777641,19667,22634,37342,24048
1631020777687,19665,22630,37349,24050
1631020777729,19670,22633,37359,24053
1631020777770,19667,22626,37360,24058
1631020777812,19668,22630,37372,24066
1631020777855,19673,22635,37389,24077
1631020777896,19671,22629,37390,24073
1631020777938,19645,22614,37290,24035
1631020777980,19633,22606,37198,23998
1631020778022,19641,22610,37188,23981
1631020778064,19647,22612,37204,23982
1631020778106,19655,22617,37219,23986
1631020778148,19651,22617,37214,23981
1631020778190,19641,22609,37175,23965
1631020778231,19641,22602,37156,23950
1631020778273,19647,22603,37172,23947
1631020778314,19652,22602,37188,23954
1631020778357,19652,22603,37197,23959
1631020778398,19655,22611,37208,23964
1631020778440,19659,22611,37225,23970
1631020778482,19662,22611,37232,23974
1631020778524,19666,22609,37248,23982
1631020778565,19664,22609,37255,23988
1631020778608,19648,22595,37201,23965
1631020778650,19628,22582,37073,23903
1631020778685,19622,22580,37006,23864
1631020778731,19627,22587,37008,23856
1631020778763,19631,22585,37008,23846
1631020778810,19634,22588,37017,23846
1631020778856,19627,22582,36995,23837
1631020778888,19625,22583,36960,23811
1631020778934,19628,22582,36946,23802
1631020778981,19633,22580,36953,23799
1631020779013,19629,22577,36962,23799
1631020779059,19630,22576,36971,23801
1631020779106,19632,22576,36977,23799
1631020779138,19638,22581,36991,23802
1631020779184,19639,22582,37000,23811
1631020779231,19641,22582,37015,23818
1631020779278,19639,22572,37011,23821
1631020779309,19620,22567,36904,23773
1631020779356,19600,22557,36779,23709
1631020779403,19605,22557,36759,23687
1631020779434,19609,22560,36750,23676
1631020779481,19612,22550,36760,23672
1631020779528,19617,22558,36750,23656
1631020779559,19605,22550,36703,23635
1631020779606,19603,22553,36684,23619
1631020779653,19608,22549,36689,23613
1631020779696,19612,22556,36699,23614
1631020779738,19613,22553,36702,23612
1631020779780,19620,22551,36718,23625
1631020779822,19618,22552,36726,23623
1631020779864,19621,22550,36729,23626
1631020779906,19618,22555,36748,23634
1631020779947,19622,22554,36759,23647
1631020779989,19609,22545,36717,23627
1631020780031,19588,22530,36581,23562
1631020780072,19579,22522,36503,23516
1631020780114,19587,22535,36488,23501
1631020780156,19589,22531,36486,23490
1631020780198,19593,22534,36491,23475
1631020780240,19588,22529,36468,23464
1631020780282,19582,22522,36428,23440
1631020780324,19580,22516,36412,23423
1631020780365,19585,22522,36412,23428
1631020780408,19586,22522,36420,23425
1631020780448,19586,22520,36419,23420
1631020780492,19588,22518,36428,23423
1631020780533,19587,22522,36436,23424
1631020780575,19594,22521,36445,23429
1631020780617,19593,22521,36469,23439
1631020780659,19598,22522,36489,23448
1631020780700,19579,22512,36441,23426
1631020780743,19558,22492,36303,23361
1631020780784,19548,22483,36232,23320
1631020780827,19557,22489,36223,23299
1631020780868,19555,22488,36236,23293
1631020780910,19566,22494,36250,23294
1631020780951,19558,22491,36226,23282
1631020780993,19554,22487,36180,23260
1631020781036,19552,22481,36188,23249
1631020781077,19553,22485,36198,23251
1631020781119,19562,22485,36214,23257
1631020781161,19563,22488,36229,23259
1631020781203,19570,22492,36246,23270
1631020781245,19566,22493,36265,23280
1631020781287,19571,22494,36283,23289
1631020781329,19578,22496,36306,23304
1631020781370,19569,22492,36291,23295
1631020781412,19546,22478,36170,23243
1631020781454,19538,22470,36080,23192
1631020781496,19545,22478,36079,23185
1631020781537,19549,22481,36089,23184
1631020781580,19556,22480,36106,23190
1631020781621,19551,22475,36091,23181
1631020781663,19546,22475,36054,23160
1631020781705,19549,22474,36050,23156
1631020781746,19554,22476,36066,23155
1631020781789,19557,22480,36083,23162
1631020781830,19560,22479,36100,23170
1631020781872,19563,22483,36124,23179
1631020781914,19567,22482,36141,23189
1631020781956,19569,22485,36157,23198
1631020781997,19570,22487,36181,23210
1631020782040,19569,22480,36193,23222
1631020782081,19545,22470,36094,23179
1631020782124,19525,22458,35928,23094
1631020782165,19532,22456,35888,23067
1631020782207,19537,22461,35876,23051
1631020782248,19539,22463,35877,23038
1631020782291,19544,22463,35884,23037
1631020782332,19538,22460,35837,23016
1631020782375,19533,22459,35812,22997
1631020782416,19533,22457,35812,22989
1631020782458,19537,22458,35821,22991
1631020782500,19540,22459,35837,22993
1631020782542,19542,22463,35854,23005
1631020782583,19547,22462,35874,23012
1631020782626,19548,22464,35885,23020
1631020782667,19547,22466,35904,23031
1631020782699,19552,22467,35926,23039
1631020782746,19559,22470,35957,23060
1631020782793,19541,22454,35898,23036
1631020782824,19515,22437,35732,22955
1631020782871,19509,22434,35639,22900
1631020782918,19509,22441,35618,22880
1631020782949,19514,22440,35601,22851
1631020782996,19516,22436,35605,22850
1631020783043,19510,22439,35589,22840
1631020783074,19515,22432,35558,22822
1631020783121,19512,22435,35544,22810
1631020783168,19517,22436,35561,22806
1631020783199,19519,22434,35575,22811
1631020783246,19516,22437,35596,22822
1631020783293,19518,22435,35618,22833
1631020783324,19523,22438,35640,22843
1631020783371,19527,22438,35668,22853
1631020783418,19535,22443,35692,22866
1631020783449,19536,22443,35718,22889
1631020783496,19544,22447,35755,22905
1631020783545,19538,22444,35769,22917
1631020783576,19499,22414,35587,22841
1631020783623,19487,22410,35484,22787
1631020783672,19493,22417,35469,22765
1631020783713,19486,22417,35474,22759
1631020783756,19504,22423,35486,22766
1631020783797,19502,22422,35496,22765
1631020783839,19499,22418,35470,22751
1631020783880,19498,22419,35460,22743
1631020783922,19510,22419,35483,22747
1631020783964,19506,22422,35513,22759
1631020784007,19508,22419,35545,22774
1631020784048,19509,22418,35571,22787
1631020784090,19516,22428,35599,22803
1631020784131,19519,22432,35627,22816
1631020784174,19525,22424,35654,22832
1631020784215,19527,22432,35687,22857
1631020784258,19533,22433,35724,22877
1631020784299,19533,22433,35748,22892
1631020784342,19505,22414,35662,22860
1631020784382,19482,22400,35547,22804
1631020784424,19484,22406,35525,22786
1631020784466,19495,22414,35547,22792
1631020784508,19504,22413,35576,22801
1631020784550,19503,22417,35600,22812
1631020784592,19500,22412,35587,22814
1631020784634,19496,22411,35577,22807
1631020784670,19501,22412,35602,22817
1631020784717,19509,22417,35629,22830
1631020784748,19514,22415,35662,22845
1631020784795,19510,22420,35690,22861
1631020784842,19516,22414,35712,22871
1631020784873,19521,22423,35742,22897
1631020784920,19520,22428,35767,22909
1631020784966,19527,22431,35805,22930
1631020784998,19531,22428,35832,22946
1631020785045,19517,22419,35792,22931
1631020785092,19488,22407,35656,22881
1631020785123,19494,22406,35637,22868
1631020785170,19498,22410,35657,22871
1631020785216,19498,22415,35689,22885
1631020785248,19511,22414,35722,22901
1631020785295,19502,22412,35712,22894
1631020785342,19499,22409,35701,22895
1631020785373,19506,22410,35721,22900
1631020785419,19507,22416,35750,22916
1631020785466,19510,22421,35781,22938
1631020785498,19518,22418,35820,22948
1631020785545,19523,22420,35851,22964
1631020785592,19526,22421,35878,22983
1631020785638,19529,22423,35906,22997
1631020785680,19532,22423,35939,23020
1631020785722,19538,22430,35975,23041
1631020785763,19519,22414,35915,23020
1631020785806,19492,22396,35789,22965
1631020785846,19491,22401,35762,22950
1631020785889,19500,22407,35781,22952
1631020785930,19506,22410,35814,22970
1631020785972,19509,22415,35845,22982
1631020786014,19506,22413,35844,22982
1631020786056,19511,22410,35829,22981
1631020786098,19506,22406,35843,22981
1631020786140,19507,22414,35874,23000
1631020786181,19513,22414,35897,23012
1631020786224,19517,22411,35933,23032
1631020786265,19520,22416,35959,23048
1631020786308,19523,22418,35989,23062
1631020786349,19526,22419,36020,23079
1631020786391,19532,22426,36049,23099
1631020786432,19537,22423,36081,23120
1631020786475,19529,22419,36075,23122
1631020786516,19496,22405,35954,23077
1631020786558,19493,22401,35900,23051
1631020786600,19501,22405,35915,23047
1631020786642,19507,22412,35939,23064
1631020786669,19514,22412,35973,23078
1631020786716,19514,22411,35980,23084
1631020786763,19508,22407,35962,23078
1631020786809,19505,22407,35965,23073
1631020786841,19510,22410,35994,23091
1631020786888,19518,22410,36025,23104
1631020786934,19522,22416,36049,23118
1631020786966,19523,22418,36082,23140
1631020787013,19527,22418,36110,23155
1631020787059,19532,22417,36127,23168
1631020787091,19535,22423,36157,23183
1631020787138,19536,22422,36192,23201
1631020787184,19542,22425,36209,23216
1631020787215,19510,22404,36110,23178
1631020787263,19493,22395,36017,23141
1631020787309,19501,22399,36007,23133
1631020787341,19502,22402,36037,23144
1631020787387,19512,22404,36066,23155
1631020787434,19513,22404,36082,23165
1631020787465,19506,22396,36059,23157
1631020787512,19507,22398,36047,23154
1631020787559,19510,22401,36066,23157
1631020787591,19514,22400,36092,23173
1631020787638,19520,22406,36121,23191
1631020787688,19519,22410,36149,23204
1631020787715,19526,22409,36169,23219
1631020787762,19526,22409,36192,23229
1631020787809,19535,22414,36216,23246
1631020787855,19537,22416,36250,23266
1631020787887,19531,22412,36262,23273
1631020787933,19509,22396,36169,23241
1631020787980,19490,22388,36075,23195
1631020788012,19497,22392,36060,23186
1631020788059,19506,22396,36088,23190
1631020788105,19513,22398,36125,23205
1631020788137,19518,22401,36136,23216
1631020788183,19512,22400,36115,23204
1631020788230,19510,22397,36096,23201
1631020788262,19511,22395,36107,23204
1631020788309,19516,22397,36142,23217
1631020788355,19518,22395,36164,23227
1631020788387,19524,22398,36188,23240
1631020788434,19526,22404,36203,23257
1631020788481,19531,22400,36225,23267
1631020788512,19532,22405,36254,23286
1631020788559,19537,22408,36279,23299
1631020788606,19536,22408,36298,23312
1631020788637,19513,22398,36220,23283
1631020788684,19488,22377,36088,23226
1631020788731,19491,22375,36044,23194
1631020788762,19492,22381,36054,23192
1631020788809,19503,22384,36071,23197
1631020788856,19503,22387,36096,23204
1631020788887,19501,22383,36072,23192
1631020788934,19501,22377,36043,23177
1631020788981,19505,22383,36054,23182
1631020789012,19505,22385,36069,23187
1631020789059,19507,22389,36091,23195
1631020789106,19512,22387,36107,23201
1631020789137,19517,22386,36129,23214
1631020789184,19519,22388,36148,23218
1631020789231,19525,22387,36165,23235
1631020789278,19528,22391,36195,23250
1631020789309,19527,22391,36221,23264
1631020789356,19507,22377,36151,23241
1631020789403,19484,22363,36022,23181
1631020789434,19480,22362,35984,23152
1631020789481,19488,22368,35994,23147
1631020789528,19495,22365,36008,23151
1631020789559,19498,22375,36037,23167
1631020789606,19495,22369,36022,23156
1631020789652,19490,22366,35999,23140
1631020789696,19492,22364,36003,23142
1631020789738,19498,22367,36024,23147
1631020789779,19498,22370,36052,23160
1631020789821,19500,22369,36069,23174
1631020789863,19502,22373,36085,23179
1631020789905,19503,22371,36097,23192
1631020789946,19501,22372,36121,23202
1631020789988,19510,22374,36140,23212
1631020790030,19514,22376,36167,23225
1631020790072,19490,22362,36081,23195
1631020790114,19464,22347,35965,23141
1631020790156,19472,22349,35937,23118
1631020790198,19472,22349,35940,23109
1631020790240,19483,22352,35973,23118
1631020790281,19479,22353,35984,23122
1631020790324,19472,22345,35948,23103
1631020790365,19473,22346,35918,23094
1631020790408,19472,22348,35926,23098
1631020790449,19479,22348,35953,23099
1631020790491,19486,22352,35969,23112
1631020790532,19489,22353,35981,23116
1631020790575,19489,22351,35998,23126
1631020790616,19488,22348,36007,23132
1631020790659,19490,22354,36033,23148
1631020790700,19494,22355,36061,23156
1631020790742,19489,22351,36030,23153
1631020790784,19463,22337,35915,23103
1631020790825,19456,22338,35846,23061
1631020790866,19464,22336,35844,23053
1631020790909,19469,22341,35863,23055
1631020790951,19475,22343,35887,23064
1631020790993,19469,22340,35874,23054
1631020791035,19463,22328,35835,23036
1631020791076,19462,22336,35832,23031
1631020791118,19470,22336,35849,23035
1631020791160,19471,22337,35875,23046
1631020791202,19478,22339,35890,23057
1631020791244,19482,22345,35914,23065
1631020791286,19484,22347,35930,23072
1631020791328,19489,22349,35953,23089
1631020791369,19490,22347,35969,23105
1631020791412,19475,22341,35935,23085
1631020791454,19448,22328,35801,23024
1631020791495,19444,22321,35710,22972
1631020791537,19453,22323,35708,22959
1631020791579,19455,22329,35711,22953
1631020791620,19459,22330,35721,22954
1631020791662,19448,22329,35701,22941
1631020791704,19451,22326,35660,22921
1631020791746,19449,22324,35658,22911
1631020791788,19454,22325,35671,22916
1631020791829,19458,22329,35689,22920
1631020791871,19461,22331,35696,22926
1631020791913,19467,22330,35710,22931
1631020791956,19464,22330,35729,22946
1631020791997,19467,22331,35753,22956
1631020792040,19472,22335,35775,22971
1631020792081,19470,22331,35772,22972
1631020792123,19447,22316,35645,22914
1631020792164,19423,22304,35494,22838
1631020792207,19431,22311,35459,22802
1631020792248,19432,22311,35440,22785
1631020792290,19429,22310,35429,22774
1631020792332,19433,22313,35408,22766
1631020792375,19426,22310,35354,22736
1631020792416,19426,22306,35326,22712
1631020792458,19428,22308,35324,22705
1631020792499,19427,22313,35329,22703
1631020792542,19432,22307,35335,22707
1631020792584,19436,22306,35355,22710
1631020792625,19438,22312,35370,22716
1631020792666,19443,22314,35382,22722
1631020792700,19441,22317,35397,22727
1631020792747,19445,22316,35421,22742
1631020792778,19445,22314,35440,22756
1631020792825,19423,22298,35321,22702
1631020792872,19402,22285,35178,22627
1631020792903,19395,22287,35111,22579
1631020792950,19406,22290,35086,22560
1631020792996,19407,22295,35079,22540
1631020793044,19411,22298,35074,22532
1631020793075,19409,22295,35034,22507
1631020793122,19407,22286,34998,22485
1631020793168,19403,22283,34996,22475
1631020793200,19405,22285,35006,22474
1631020793246,19408,22288,35021,22482
1631020793293,19413,22291,35040,22485
1631020793325,19418,22291,35058,22499
1631020793371,19417,22293,35079,22506
1631020793418,19423,22296,35101,22522
1631020793449,19420,22296,35125,22537
1631020793496,19427,22296,35153,22553
1631020793543,19431,22295,35166,22558
1631020793575,19397,22277,35048,22504
1631020793622,19378,22265,34897,22424
1631020793672,19379,22273,34859,22397
1631020793712,19388,22274,34854,22386
1631020793756,19393,22280,34870,22384
1631020793796,19390,22279,34867,22381
1631020793838,19382,22275,34817,22349
1631020793880,19385,22268,34801,22334
1631020793923,19385,22270,34804,22336
1631020793964,19390,22271,34825,22339
1631020794007,19390,22277,34843,22352
1631020794047,19399,22277,34866,22365
1631020794090,19401,22284,34890,22376
1631020794132,19403,22281,34915,22385
1631020794174,19406,22287,34939,22400
1631020794215,19410,22287,34967,22419
1631020794258,19413,22289,35008,22441
1631020794298,19399,22279,34958,22425
1631020794341,19368,22258,34822,22362
1631020794383,19367,22257,34751,22318
1631020794425,19374,22261,34743,22306
1631020794467,19381,22270,34750,22299
1631020794508,19389,22277,34777,22312
1631020794551,19386,22275,34761,22306
1631020794592,19381,22270,34729,22288
1631020794634,19375,22264,34731,22282
1631020794668,19384,22270,34749,22289
1631020794715,19389,22273,34783,22306
1631020794746,19391,22278,34808,22319
1631020794793,19397,22276,34835,22332
1631020794840,19400,22281,34858,22348
1631020794871,19400,22281,34880,22358
1631020794918,19404,22290,34920,22385
1631020794965,19413,22288,34951,22408
1631020794996,19417,22293,34989,22427
1631020795043,19408,22277,34956,22417
1631020795090,19373,22265,34802,22350
1631020795137,19370,22262,34701,22296
1631020795168,19370,22266,34680,22277
1631020795215,19376,22268,34685,22264
1631020795262,19375,22275,34697,22269
1631020795293,19380,22275,34686,22254
1631020795340,19376,22274,34655,22245
1631020795387,19379,22271,34651,22234
1631020795418,19383,22271,34672,22243
1631020795465,19380,22269,34697,22248
1631020795512,19385,22273,34718,22258
1631020795543,19392,22275,34754,22281
1631020795590,19397,22279,34787,22295
1631020795637,19400,22284,34813,22315
1631020795668,19403,22287,34843,22330
1631020795723,19410,22289,34873,22353
1631020795763,19411,22292,34927,22375
1631020795806,19415,22293,34960,22402
1631020795848,19419,22290,34987,22415
1631020795890,19384,22273,34860,22369
1631020795931,19365,22257,34734,22308
1631020795974,19368,22268,34697,22281
1631020796014,19377,22273,34710,22280
1631020796057,19387,22281,34725,22287
1631020796098,19391,22286,34744,22292
1631020796141,19387,22279,34721,22286
1631020796183,19384,22276,34707,22269
1631020796224,19387,22277,34727,22276
1631020796265,19387,22276,34756,22290
1631020796307,19389,22278,34780,22301
1631020796350,19394,22283,34808,22317
1631020796392,19401,22283,34843,22334
1631020796434,19400,22283,34879,22353
1631020796476,19404,22288,34902,22375
1631020796518,19403,22291,34936,22395
1631020796560,19411,22294,34965,22417
1631020796602,19417,22291,35013,22437
1631020796643,19416,22288,35041,22454
1631020796684,19386,22269,34940,22417
1631020796715,19370,22258,34823,22360
1631020796762,19367,22263,34793,22341
1631020796809,19379,22271,34819,22348
1631020796841,19388,22274,34847,22357
1631020796887,19395,22281,34875,22370
1631020796934,19386,22278,34862,22367
1631020796965,19390,22272,34848,22361
1631020797012,19390,22280,34860,22366
1631020797059,19393,22281,34900,22385
1631020797090,19399,22277,34928,22400
1631020797137,19404,22281,34959,22417
1631020797184,19407,22287,34987,22433
1631020797215,19413,22287,35020,22452
1631020797262,19417,22291,35052,22478
1631020797309,19421,22292,35087,22500
1631020797340,19427,22298,35127,22522
1631020797387,19433,22297,35157,22546
1631020797434,19403,22287,35096,22523
1631020797465,19378,22270,34960,22463
1631020797512,19384,22273,34923,22436
1631020797559,19389,22278,34939,22437
1631020797606,19400,22281,34953,22441
1631020797637,19403,22287,34988,22455
1631020797689,19403,22289,34979,22454
1631020797732,19397,22284,34959,22441
1631020797774,19402,22287,34964,22448
1631020797814,19405,22287,35001,22458
1631020797856,19411,22286,35024,22473
1631020797899,19411,22294,35047,22489
1631020797941,19416,22291,35076,22500
1631020797982,19422,22294,35101,22520
1631020798024,19421,22294,35125,22537
1631020798065,19430,22300,35172,22561
1631020798108,19434,22302,35207,22585
1631020798150,19436,22304,35246,22604
1631020798192,19431,22302,35242,22611
1631020798233,19397,22281,35104,22555
1631020798276,19392,22279,35001,22500
1631020798317,19402,22285,35000,22495
1631020798360,19408,22290,35013,22493
1631020798401,19418,22294,35032,22499
1631020798443,19417,22294,35045,22501
1631020798484,19410,22289,35016,22493
1631020798527,19409,22285,35013,22484
1631020798568,19414,22287,35027,22493
1631020798611,19420,22290,35056,22511
1631020798652,19415,22291,35083,22521
1631020798684,19425,22298,35115,22534
1631020798731,19430,22298,35148,22559
1631020798778,19436,22302,35178,22572
1631020798809,19431,22302,35212,22593
1631020798856,19439,22305,35248,22610
1631020798903,19440,22304,35278,22627
1631020798934,19448,22313,35321,22658
1631020798981,19419,22292,35231,22623
1631020799028,19398,22278,35107,22567
1631020799059,19396,22276,35080,22545
1631020799106,19409,22286,35097,22550
1631020799153,19417,22288,35136,22560
1631020799184,19421,22293,35164,22574
1631020799231,19419,22286,35145,22566
1631020799278,19410,22282,35129,22558
1631020799309,19413,22286,35139,22558
1631020799356,19421,22290,35180,22582
1631020799403,19421,22290,35206,22594
1631020799434,19426,22290,35235,22607
1631020799481,19432,22293,35261,22622
1631020799528,19435,22293,35281,22639
1631020799559,19434,22297,35312,22656
1631020799606,19437,22302,35347,22678
1631020799653,19443,22302,35385,22699
1631020799698,19446,22305,35411,22714
1631020799740,19418,22287,35314,22682
1631020799781,19401,22279,35205,22628
1631020799824,19409,22282,35211,22628
1631020799865,19413,22284,35237,22632
1631020799907,19428,22291,35271,22647
1631020799949,19429,22297,35296,22663
1631020799991,19419,22286,35268,22651
1631020800032,19419,22288,35269,22648
1631020800074,19422,22289,35285,22657
1631020800116,19434,22290,35323,22677
1631020800159,19431,22291,35344,22690
1631020800200,19440,22298,35392,22709
1631020800242,19442,22298,35415,22727
1631020800284,19445,22302,35441,22743
1631020800325,19448,22298,35468,22760
1631020800367,19447,22303,35497,22780
1631020800410,19450,22297,35520,22790
1631020800451,19414,22276,35395,22743
1631020800493,19399,22271,35296,22694
1631020800535,19406,22278,35295,22684
1631020800576,19421,22287,35308,22687
1631020800618,19427,22289,35340,22701
1631020800660,19428,22289,35356,22709
1631020800702,19420,22282,35331,22696
1631020800744,19417,22280,35314,22689
1631020800786,19418,22279,35326,22689
1631020800827,19425,22283,35363,22710
1631020800869,19430,22289,35391,22725
1631020800911,19438,22293,35423,22737
1631020800952,19441,22292,35448,22751
1631020800994,19447,22294,35477,22772
1631020801037,19452,22304,35509,22796
1631020801078,19454,22299,35530,22811
1631020801120,19460,22299,35556,22829
1631020801162,19431,22286,35480,22800
1631020801204,19405,22269,35333,22734
1631020801246,19406,22272,35280,22694
1631020801288,19417,22279,35283,22694
1631020801329,19419,22278,35298,22692
1631020801372,19428,22283,35320,22701
1631020801413,19425,22277,35308,22695
1631020801456,19418,22274,35278,22674
1631020801497,19421,22277,35280,22675
1631020801539,19423,22279,35305,22685
1631020801581,19427,22279,35330,22697
1631020801623,19430,22275,35350,22707
1631020801664,19432,22283,35378,22722
1631020801707,19436,22283,35402,22736
1631020801748,19436,22282,35427,22752
1631020801790,19442,22287,35457,22773
1631020801832,19453,22293,35500,22796
1631020801874,19452,22294,35519,22812
1631020801916,19411,22264,35359,22738
1631020801957,19403,22259,35270,22696
1631020801999,19405,22263,35270,22686
1631020802042,19409,22265,35288,22687
1631020802083,19417,22272,35317,22702
1631020802125,19420,22269,35327,22702
1631020802167,19417,22264,35306,22696
1631020802209,19415,22270,35300,22690
1631020802251,19421,22271,35321,22701
1631020802292,19431,22274,35358,22720
1631020802334,19430,22271,35384,22734
1631020802376,19435,22270,35412,22747
1631020802418,19437,22277,35435,22758
1631020802460,19440,22277,35462,22776
1631020802502,19442,22281,35487,22797
1631020802544,19447,22288,35529,22822
1631020802586,19454,22289,35559,22843
1631020802627,19432,22273,35495,22818
1631020802669,19405,22263,35364,22760
1631020802700,19405,22261,35332,22732
1631020802747,19416,22265,35353,22741
1631020802794,19423,22265,35389,22758
1631020802825,19431,22272,35419,22770
1631020802872,19429,22276,35405,22767
1631020802919,19422,22265,35379,22758
1631020802950,19429,22261,35392,22763
1631020802997,19431,22268,35418,22775
1631020803040,19436,22270,35452,22790
1631020803086,19441,22268,35480,22804
1631020803129,19438,22275,35507,22820
1631020803160,19444,22276,35533,22838
1631020803207,19445,22276,35562,22858
1631020803245,19454,22283,35595,22875
1631020803291,19453,22283,35625,22896
1631020803329,19441,22272,35589,22883
1631020803376,19405,22252,35417,22816
1631020803414,19408,22252,35377,22785
1631020803461,19419,22256,35395,22787
1631020803492,19428,22265,35420,22797
1631020803545,19432,22270,35459,22811
1631020803577,19430,22264,35438,22809
1631020803630,19421,22259,35416,22800
1631020803673,19428,22264,35429,22802
1631020803716,19430,22263,35452,22815
1631020803758,19434,22259,35475,22828
1631020803793,19438,22268,35516,22848
1631020803833,19440,22270,35536,22860
1631020803883,19443,22271,35564,22875
1631020803923,19449,22273,35582,22892
1631020803963,19454,22276,35606,22908
1631020804003,19456,22273,35634,22928
1631020804044,19456,22274,35658,22945
1631020804083,19433,22258,35569,22905
1631020804133,19406,22241,35417,22838
