timestamp,Channel 1,Channel 2,Channel 3,Channel 4
1631020650689,19830,23357,33816,21301
1631020650708,19821,23346,33795,21296
1631020650731,19817,23345,33779,21294
1631020650752,19820,23347,33784,21299
1631020650775,19825,23356,33788,21301
1631020650796,19836,23359,33791,21303
1631020650818,19837,23364,33789,21307
1631020650840,19843,23371,33807,21314
1631020650862,19843,23369,33810,21313
1631020650884,19843,23367,33813,21320
1631020650906,19845,23372,33815,21323
1631020650928,19843,23370,33810,21324
1631020650950,19835,23364,33811,21324
1631020650971,19837,23360,33811,21323
1631020650994,19842,23364,33810,21328
1631020651016,19843,23373,33825,21332
1631020651038,19848,23376,33830,21343
1631020651059,19856,23383,33852,21354
1631020651082,19864,23387,33864,21367
1631020651103,19869,23392,33888,21381
1631020651125,19874,23399,33914,21390
1631020651148,19883,23409,33931,21403
1631020651169,19885,23411,33961,21430
1631020651192,19887,23412,33977,21437
1631020651213,19891,23411,33995,21450
1631020651235,19895,23421,34014,21458
1631020651257,19894,23417,34022,21472
1631020651279,19905,23423,34054,21483
1631020651301,19905,23429,34071,21495
1631020651323,19908,23428,34090,21506
1631020651345,19909,23433,34119,21518
1631020651367,19909,23433,34126,21529
1631020651389,19893,23423,34117,21542
1631020651411,19885,23417,34114,21541
1631020651432,19876,23412,34110,21548
1631020651454,19878,23411,34115,21555
1631020651476,19872,23412,34132,21563
1631020651498,19876,23411,34153,21580
1631020651520,19884,23421,34178,21595
1631020651542,19887,23430,34202,21607
1631020651564,19893,23439,34229,21620
1631020651586,19909,23445,34249,21635
1631020651608,19916,23457,34284,21657
1631020651630,19921,23463,34305,21673
1631020651651,19921,23464,34319,21685
1631020651674,19920,23468,34341,21700
1631020651695,19920,23467,34359,21716
1631020651717,19933,23479,34405,21742
1631020651739,19941,23491,34441,21767
1631020651761,19950,23500,34485,21790
1631020651784,19947,23510,34530,21819
1631020651805,19960,23512,34565,21843
1631020651827,19958,23515,34623,21872
1631020651849,19956,23509,34656,21891
1631020651871,19956,23516,34684,21908
1631020651893,19958,23527,34712,21925
1631020651915,19977,23537,34737,21940
1631020651937,19994,23555,34773,21963
1631020651959,19999,23562,34795,21975
1631020651981,20001,23561,34811,21989
1631020652002,20002,23563,34831,22001
1631020652024,20008,23569,34848,22013
1631020652047,20014,23573,34884,22032
1631020652068,20016,23565,34901,22049
1631020652091,20014,23563,34922,22061
1631020652112,19994,23548,34919,22061
1631020652134,19977,23528,34892,22059
1631020652156,19950,23509,34874,22058
1631020652178,19941,23507,34869,22057
1631020652200,19939,23502,34882,22065
1631020652222,19944,23506,34897,22076
1631020652244,19946,23499,34925,22083
1631020652266,19955,23511,34954,22101
1631020652288,19959,23516,34978,22109
1631020652310,19967,23524,35002,22126
1631020652331,19979,23538,35026,22145
1631020652353,19988,23540,35047,22157
1631020652375,19981,23534,35054,22168
1631020652397,19967,23520,35056,22170
1631020652419,19956,23505,35057,22164
1631020652442,19947,23488,35054,22162
1631020652463,19934,23476,35066,22162
1631020652470,19926,23469,35091,22173
1631020652501,19932,23466,35120,22186
1631020652517,19940,23479,35138,22198
1631020652548,19957,23491,35159,22208
1631020652558,19957,23492,35178,22218
1631020652594,19973,23514,35210,22229
1631020652609,19977,23522,35222,22237
1631020652625,19982,23526,35234,22247
1631020652658,19989,23527,35246,22252
1631020652674,19989,23522,35260,22260
1631020652689,19994,23529,35281,22270
1631020652720,19997,23533,35296,22279
1631020652736,20000,23534,35313,22289
1631020652758,20005,23531,35325,22296
1631020652790,19996,23522,35344,22300
1631020652805,19986,23524,35346,22307
1631020652821,19982,23520,35330,22309
1631020652852,19975,23518,35317,22303
1631020652875,19979,23517,35310,22307
1631020652890,19975,23521,35307,22311
1631020652921,19976,23518,35331,22328
1631020652937,19979,23520,35351,22336
1631020652959,19985,23523,35368,22350
1631020652975,19998,23538,35391,22357
1631020653006,20021,23563,35422,22384
1631020653022,20046,23593,35457,22406
1631020653053,20063,23605,35479,22422
1631020653075,20070,23615,35491,22435
1631020653091,20068,23609,35498,22442
1631020653107,20062,23611,35506,22450
1631020653138,20070,23620,35529,22471
1631020653160,20078,23620,35545,22482
1631020653176,20080,23627,35555,22486
1631020653207,20088,23626,35573,22498
1631020653223,20087,23626,35592,22503
1631020653238,20085,23622,35607,22517
1631020653261,20078,23608,35620,22528
1631020653292,20077,23608,35627,22533
1631020653308,20078,23606,35647,22537
1631020653339,20084,23611,35664,22549
1631020653361,20085,23624,35691,22568
1631020653377,20090,23625,35708,22579
1631020653393,20091,23624,35721,22586
1631020653424,20096,23626,35737,22597
1631020653439,20097,23626,35756,22608
1631020653462,20105,23634,35779,22623
1631020653493,20109,23638,35796,22637
1631020653509,20112,23638,35814,22649
1631020653524,20107,23629,35822,22652
1631020653556,20094,23622,35809,22654
1631020653578,20081,23615,35791,22659
1631020653593,20072,23609,35783,22658
1631020653626,20065,23601,35782,22661
1631020653641,20063,23599,35789,22667
1631020653662,20060,23592,35800,22672
1631020653692,20068,23601,35815,22682
1631020653712,20079,23610,35837,22699
1631020653734,20084,23620,35851,22708
1631020653757,20095,23629,35876,22723
1631020653779,20105,23633,35887,22732
1631020653801,20106,23636,35895,22739
1631020653822,20099,23635,35906,22739
1631020653845,20099,23628,35900,22748
1631020653867,20099,23627,35904,22747
1631020653888,20103,23628,35916,22754
1631020653910,20102,23628,35924,22761
1631020653932,20103,23629,35945,22769
1631020653954,20107,23625,35958,22775
1631020653977,20110,23624,35966,22780
1631020653999,20107,23632,35979,22785
1631020654019,20110,23627,35990,22791
1631020654042,20110,23634,36004,22805
1631020654064,20112,23639,36014,22812
1631020654086,20117,23637,36029,22817
1631020654108,20119,23637,36034,22822
1631020654130,20119,23634,36047,22829
1631020654152,20119,23634,36062,22835
1631020654174,20124,23639,36077,22843
1631020654196,20127,23643,36087,22853
1631020654217,20131,23640,36099,22860
1631020654240,20130,23645,36117,22868
1631020654262,20141,23649,36139,22889
1631020654284,20142,23655,36151,22894
1631020654306,20138,23651,36140,22898
1631020654328,20126,23640,36121,22892
1631020654350,20115,23638,36099,22891
1631020654371,20111,23631,36083,22888
1631020654394,20105,23632,36088,22888
1631020654416,20110,23631,36090,22892
1631020654437,20115,23642,36103,22902
1631020654460,20123,23639,36117,22903
1631020654481,20128,23648,36134,22917
1631020654503,20138,23653,36152,22925
1631020654525,20141,23651,36155,22926
1631020654547,20135,23656,36161,22931
1631020654568,20142,23655,36167,22940
1631020654590,20134,23652,36169,22938
1631020654605,20131,23647,36167,22942
1631020654621,20132,23646,36172,22943
1631020654652,20124,23639,36176,22944
1631020654664,20129,23639,36189,22945
1631020654696,20131,23638,36197,22960
1631020654711,20134,23641,36203,22964
1631020654743,20138,23642,36218,22969
1631020654765,20128,23644,36231,22973
1631020654780,20137,23636,36235,22973
1631020654796,20139,23640,36248,22986
1631020654827,20141,23647,36261,22992
1631020654843,20147,23647,36271,22999
1631020654865,20143,23659,36282,23008
1631020654896,20151,23648,36292,23006
1631020654912,20158,23659,36311,23020
1631020654928,20161,23658,36319,23029
1631020654959,20160,23658,36334,23033
1631020654981,20160,23661,36338,23038
1631020654997,20161,23659,36361,23046
1631020655028,20167,23660,36378,23068
1631020655043,20175,23663,36396,23074
1631020655065,20177,23668,36414,23085
1631020655084,20177,23677,36425,23093
1631020655115,20177,23673,36441,23103
1631020655131,20170,23663,36419,23099
1631020655146,20151,23657,36388,23091
1631020655182,20143,23648,36369,23088
1631020655197,20134,23641,36356,23085
1631020655213,20135,23636,36350,23085
1631020655244,20138,23638,36364,23085
1631020655266,20147,23648,36377,23093
1631020655282,20153,23654,36389,23100
1631020655313,20153,23655,36401,23110
1631020655329,20165,23663,36417,23115
1631020655344,20168,23666,36433,23121
1631020655366,20173,23668,36433,23128
1631020655398,20173,23666,36437,23130
1631020655414,20167,23664,36435,23135
1631020655445,20171,23661,36444,23140
1631020655467,20166,23658,36444,23140
1631020655483,20162,23659,36449,23142
1631020655498,20169,23663,36458,23146
1631020655529,20172,23660,36475,23151
1631020655545,20178,23664,36478,23160
1631020655567,20178,23661,36500,23164
1631020655599,20173,23663,36509,23175
1631020655614,20179,23663,36518,23175
1631020655630,20174,23664,36528,23183
1631020655661,20184,23670,36533,23190
1631020655687,20192,23675,36556,23201
1631020655710,20194,23674,36566,23205
1631020655731,20198,23678,36574,23211
1631020655753,20197,23677,36584,23218
1631020655775,20198,23678,36596,23225
1631020655797,20200,23671,36602,23227
1631020655818,20197,23674,36608,23231
1631020655841,20197,23671,36621,23236
1631020655863,20192,23675,36630,23241
1631020655884,20197,23669,36641,23246
1631020655907,20197,23668,36651,23251
1631020655929,20200,23671,36671,23259
1631020655950,20208,23679,36686,23271
1631020655972,20213,23682,36701,23280
1631020655994,20212,23685,36711,23288
1631020656016,20194,23666,36676,23280
1631020656038,20179,23658,36655,23278
1631020656060,20170,23654,36639,23273
1631020656082,20170,23646,36629,23271
1631020656104,20168,23649,36627,23270
1631020656126,20171,23648,36641,23276
1631020656147,20172,23648,36648,23278
1631020656169,20172,23646,36654,23281
1631020656192,20172,23646,36665,23283
1631020656213,20178,23647,36675,23288
1631020656235,20176,23646,36684,23293
1631020656258,20180,23648,36690,23294
1631020656280,20182,23648,36691,23296
1631020656300,20177,23646,36690,23300
1631020656323,20174,23646,36691,23307
1631020656345,20180,23646,36706,23306
1631020656367,20189,23653,36712,23316
1631020656389,20194,23654,36733,23318
1631020656411,20194,23660,36739,23329
1631020656433,20197,23661,36753,23333
1631020656455,20203,23664,36770,23344
1631020656477,20199,23657,36777,23347
1631020656499,20204,23659,36794,23352
1631020656520,20198,23659,36796,23361
1631020656542,20202,23661,36807,23365
1631020656564,20207,23662,36826,23371
1631020656586,20210,23661,36833,23378
1631020656608,20215,23661,36847,23387
1631020656630,20211,23664,36857,23392
1631020656651,20210,23660,36864,23397
1631020656668,20213,23660,36879,23404
1631020656684,20214,23657,36885,23407
1631020656715,20213,23661,36897,23410
1631020656731,20221,23667,36910,23422
1631020656762,20227,23672,36929,23428
1631020656783,20225,23670,36941,23443
1631020656799,20228,23669,36951,23445
1631020656814,20223,23666,36945,23449
1631020656846,20211,23658,36930,23441
1631020656867,20195,23644,36896,23431
1631020656883,20182,23631,36869,23421
1631020656914,20174,23618,36865,23421
1631020656930,20176,23619,36871,23421
1631020656945,20178,23627,36883,23430
1631020656967,20187,23630,36908,23442
1631020656999,20195,23643,36934,23458
1631020657017,20208,23652,36944,23470
1631020657033,20212,23657,36962,23479
1631020657067,20213,23654,36968,23484
1631020657083,20214,23669,36985,23488
1631020657099,20214,23662,36984,23492
1631020657130,20210,23650,36968,23489
1631020657146,20202,23644,36970,23482
1631020657168,20194,23632,36966,23480
1631020657199,20190,23624,36973,23482
1631020657215,20187,23623,36992,23483
1631020657231,20182,23617,36999,23486
1631020657262,20181,23610,37005,23487
1631020657284,20179,23604,37012,23487
1631020657299,20178,23604,37014,23493
1631020657331,20183,23614,37038,23497
1631020657346,20183,23615,37045,23503
1631020657368,20192,23626,37054,23517
1631020657384,20200,23632,37072,23519
1631020657415,20201,23634,37079,23527
1631020657431,20209,23633,37092,23533
1631020657462,20213,23634,37098,23534
1631020657484,20216,23642,37109,23542
1631020657500,20228,23646,37114,23548
1631020657515,20223,23647,37133,23556
1631020657546,20221,23646,37146,23563
1631020657568,20221,23641,37144,23571
1631020657584,20215,23640,37130,23568
1631020657615,20204,23631,37109,23559
1631020657631,20194,23623,37094,23556
1631020657646,20184,23616,37086,23558
1631020657668,20191,23620,37088,23560
1631020657704,20193,23628,37105,23567
1631020657726,20202,23628,37117,23574
1631020657748,20209,23636,37141,23585
1631020657770,20220,23645,37154,23592
1631020657792,20223,23645,37166,23599
1631020657814,20221,23642,37176,23602
1631020657836,20220,23647,37177,23607
1631020657858,20224,23642,37185,23610
1631020657880,20216,23632,37182,23613
1631020657901,20214,23630,37179,23614
1631020657923,20213,23630,37193,23620
1631020657946,20219,23631,37204,23626
1631020657967,20214,23627,37213,23629
1631020657989,20225,23640,37227,23645
1631020658012,20227,23644,37245,23647
1631020658033,20231,23644,37260,23652
1631020658056,20233,23649,37269,23656
1631020658078,20243,23649,37275,23665
1631020658099,20244,23656,37296,23673
1631020658121,20250,23661,37309,23679
1631020658143,20257,23662,37322,23690
1631020658165,20259,23665,37328,23692
1631020658187,20262,23671,37336,23703
1631020658209,20266,23675,37350,23710
1631020658231,20272,23679,37370,23722
1631020658253,20277,23681,37378,23727
1631020658275,20275,23682,37392,23737
1631020658297,20276,23680,37394,23745
1631020658318,20271,23675,37392,23738
1631020658340,20252,23660,37358,23738
1631020658363,20243,23650,37337,23733
1631020658384,20230,23643,37322,23727
1631020658407,20229,23643,37320,23726
1631020658428,20232,23645,37326,23736
1631020658450,20243,23655,37345,23740
1631020658472,20249,23661,37356,23754
1631020658494,20255,23668,37369,23756
1631020658516,20264,23672,37386,23764
1631020658538,20261,23666,37398,23769
1631020658560,20270,23674,37403,23773
1631020658582,20266,23672,37408,23776
1631020658603,20266,23669,37405,23779
1631020658626,20257,23673,37412,23785
1631020658647,20261,23668,37415,23791
1631020658668,20264,23668,37431,23802
1631020658686,20264,23669,37440,23805
1631020658701,20271,23672,37451,23814
1631020658733,20279,23674,37468,23817
1631020658749,20281,23679,37479,23828
1631020658770,20280,23683,37493,23837
1631020658786,20285,23679,37498,23836
1631020658817,20276,23673,37500,23841
1631020658833,20269,23672,37509,23846
1631020658864,20273,23665,37508,23845
1631020658886,20274,23665,37529,23852
1631020658901,20276,23668,37536,23861
1631020658933,20280,23666,37546,23864
1631020658949,20285,23674,37555,23872
1631020658970,20288,23673,37565,23875
1631020658986,20288,23675,37579,23887
1631020659017,20291,23674,37584,23892
1631020659033,20283,23667,37578,23888
1631020659064,20269,23657,37558,23883
1631020659070,20255,23646,37523,23874
1631020659102,20242,23633,37504,23871
1631020659117,20238,23633,37502,23865
1631020659149,20244,23634,37508,23869
1631020659171,20255,23643,37515,23874
1631020659187,20259,23645,37532,23874
1631020659217,20261,23648,37541,23882
1631020659226,20263,23650,37552,23887
1631020659257,20264,23649,37561,23892
1631020659271,20260,23655,37564,23899
1631020659302,20263,23652,37561,23895
1631020659318,20255,23643,37555,23897
1631020659333,20248,23633,37557,23895
1631020659371,20244,23628,37551,23890
1631020659387,20245,23627,37559,23889
1631020659403,20251,23632,37576,23901
1631020659434,20257,23635,37578,23901
1631020659450,20253,23633,37588,23903
1631020659471,20257,23634,37593,23909
1631020659487,20259,23634,37605,23912
1631020659518,20257,23633,37612,23926
1631020659534,20259,23635,37624,23923
1631020659565,20261,23638,37632,23922
1631020659587,20263,23638,37636,23931
1631020659603,20260,23634,37639,23934
1631020659618,20266,23640,37645,23942
1631020659650,20263,23633,37656,23939
1631020659672,20264,23630,37661,23945
1631020659700,20258,23628,37665,23949
1631020659721,20261,23631,37678,23952
1631020659744,20267,23635,37683,23957
1631020659765,20267,23631,37696,23965
1631020659787,20267,23630,37698,23964
1631020659809,20255,23622,37675,23964
1631020659831,20239,23613,37645,23950
1631020659853,20230,23603,37616,23938
1631020659875,20217,23591,37597,23935
1631020659898,20213,23587,37592,23927
1631020659919,20215,23587,37601,23929
1631020659941,20217,23593,37607,23936
1631020659963,20229,23598,37614,23942
1631020659984,20235,23604,37633,23946
1631020660007,20240,23604,37640,23946
1631020660028,20236,23605,37644,23949
1631020660050,20240,23608,37646,23950
1631020660072,20240,23600,37641,23950
1631020660094,20232,23600,37631,23944
1631020660116,20228,23593,37631,23941
1631020660138,20227,23590,37631,23943
1631020660160,20235,23593,37636,23947
1631020660182,20231,23594,37640,23951
1631020660204,20240,23603,37660,23959
1631020660226,20244,23604,37664,23961
1631020660248,20244,23601,37668,23961
1631020660269,20245,23602,37680,23964
1631020660291,20251,23606,37685,23970
1631020660314,20251,23605,37694,23973
1631020660335,20255,23606,37703,23980
1631020660358,20256,23609,37710,23987
1631020660379,20258,23608,37710,23987
1631020660401,20254,23605,37715,23993
1631020660423,20258,23611,37732,24003
1631020660445,20260,23609,37737,24006
1631020660466,20265,23618,37750,24013
1631020660489,20280,23626,37770,24023
1631020660511,20282,23634,37779,24034
1631020660533,20280,23623,37787,24037
1631020660554,20274,23614,37778,24035
1631020660576,20260,23604,37755,24033
1631020660599,20244,23591,37726,24020
1631020660620,20233,23587,37697,24009
1631020660642,20211,23563,37667,23988
1631020660664,20201,23548,37661,23984
1631020660686,20199,23544,37654,23978
1631020660708,20198,23543,37661,23979
1631020660730,20203,23545,37666,23979
1631020660752,20204,23551,37676,23985
1631020660774,20210,23556,37692,23987
1631020660796,20216,23555,37692,23992
1631020660817,20214,23558,37688,23988
1631020660840,20219,23558,37693,23985
1631020660862,20210,23550,37686,23983
1631020660883,20212,23551,37685,23986
1631020660905,20215,23552,37681,23983
1631020660928,20216,23554,37693,23987
1631020660950,20220,23557,37698,23990
1631020660970,20228,23560,37711,23998
1631020660993,20224,23559,37713,23998
1631020661015,20224,23558,37717,23996
1631020661037,20221,23555,37726,23999
1631020661059,20226,23556,37728,24001
1631020661081,20223,23558,37735,24005
1631020661103,20225,23554,37743,24010
1631020661124,20225,23557,37747,24014
1631020661146,20225,23558,37754,24017
1631020661168,20223,23547,37754,24018
1631020661191,20219,23549,37756,24015
1631020661212,20227,23553,37766,24019
1631020661234,20233,23554,37777,24021
1631020661256,20232,23558,37782,24028
1631020661278,20234,23551,37784,24032
1631020661300,20233,23554,37787,24035
1631020661322,20223,23546,37763,24020
1631020661344,20208,23536,37726,24008
1631020661366,20193,23520,37699,23996
1631020661388,20184,23509,37688,23991
1631020661410,20181,23507,37678,23984
1631020661432,20187,23514,37682,23991
1631020661453,20190,23520,37686,23987
1631020661476,20196,23522,37692,23992
1631020661498,20188,23519,37700,23997
1631020661518,20202,23523,37704,23992
1631020661541,20203,23526,37717,23995
1631020661563,20199,23521,37711,23996
1631020661586,20201,23518,37707,23994
1631020661607,20194,23514,37700,23990
1631020661629,20190,23511,37694,23987
1631020661650,20196,23514,37699,23989
1631020661673,20201,23518,37707,23997
1631020661695,20206,23525,37717,24002
1631020661716,20211,23531,37730,24003
1631020661738,20210,23524,37732,24002
1631020661760,20207,23521,37735,24009
1631020661782,20211,23525,37741,24012
1631020661804,20214,23523,37744,24015
1631020661826,20217,23531,37751,24018
1631020661848,20224,23535,37758,24024
1631020661870,20223,23537,37781,24036
1631020661892,20228,23538,37790,24038
1631020661914,20233,23538,37799,24045
1631020661935,20235,23547,37807,24045
1631020661958,20234,23545,37815,24060
1631020661979,20236,23539,37819,24052
1631020662001,20228,23532,37804,24052
1631020662024,20218,23525,37791,24042
1631020662046,20205,23517,37755,24035
1631020662066,20194,23505,37730,24026
1631020662090,20188,23495,37707,24014
1631020662111,20183,23496,37703,24010
1631020662133,20191,23502,37710,24016
1631020662155,20195,23505,37715,24015
1631020662177,20198,23509,37725,24020
1631020662199,20206,23513,37733,24022
1631020662220,20208,23514,37744,24028
1631020662243,20212,23518,37746,24026
1631020662264,20212,23514,37740,24027
1631020662286,20207,23511,37730,24022
1631020662309,20209,23505,37722,24017
1631020662330,20209,23504,37721,24016
1631020662352,20210,23511,37723,24019
1631020662374,20205,23509,37728,24019
1631020662396,20213,23509,37735,24025
1631020662417,20218,23517,37743,24026
1631020662440,20217,23514,37746,24031
1631020662462,20222,23519,37750,24037
1631020662483,20219,23516,37755,24036
1631020662506,20223,23515,37758,24040
1631020662528,20228,23522,37770,24044
1631020662549,20230,23521,37778,24046
1631020662572,20228,23516,37781,24051
1631020662593,20228,23518,37782,24057
1631020662615,20226,23514,37788,24054
1631020662637,20230,23517,37793,24057
1631020662659,20230,23519,37795,24057
1631020662676,20233,23518,37803,24060
1631020662692,20243,23523,37815,24065
1631020662723,20231,23522,37814,24071
1631020662739,20234,23517,37807,24067
1631020662754,20218,23506,37779,24060
1631020662777,20201,23495,37737,24042
1631020662808,20193,23483,37706,24032
1631020662824,20188,23474,37687,24021
1631020662855,20181,23474,37658,24008
1631020662877,20185,23476,37661,24006
1631020662893,20192,23482,37658,24003
1631020662908,20199,23482,37659,24007
1631020662940,20197,23482,37660,24006
1631020662955,20205,23492,37656,24004
1631020662977,20208,23494,37653,23999
1631020663009,20203,23491,37643,23993
1631020663025,20204,23491,37634,23993
1631020663040,20207,23490,37633,23981
1631020663071,20201,23487,37608,23973
1631020663094,20199,23485,37599,23969
1631020663109,20200,23488,37600,23968
1631020663140,20208,23487,37597,23962
1631020663156,20209,23493,37605,23964
1631020663178,20209,23493,37600,23963
1631020663194,20207,23488,37593,23962
1631020663225,20206,23491,37593,23964
1631020663241,20212,23487,37599,23961
1631020663272,20208,23486,37593,23960
1631020663294,20213,23489,37592,23962
1631020663310,20214,23494,37592,23956
1631020663325,20216,23489,37594,23957
1631020663357,20213,23489,37599,23954
1631020663379,20210,23490,37597,23955
1631020663395,20214,23485,37593,23955
1631020663426,20218,23485,37597,23955
1631020663442,20216,23484,37601,23958
1631020663457,20219,23484,37610,23958
1631020663479,20212,23478,37607,23960
1631020663511,20217,23481,37613,23960
1631020663527,20208,23479,37604,23959
1631020663558,20201,23473,37570,23948
1631020663580,20189,23465,37531,23929
1631020663596,20178,23450,37482,23906
1631020663611,20165,23445,37447,23886
1631020663643,20163,23437,37419,23863
1631020663658,20167,23443,37401,23857
1631020663689,20171,23446,37390,23848
1631020663711,20172,23451,37372,23837
1631020663733,20176,23453,37352,23820
1631020663754,20177,23451,37348,23821
1631020663777,20179,23450,37343,23806
1631020663799,20180,23454,37334,23808
1631020663821,20175,23454,37321,23797
1631020663843,20179,23452,37308,23789
1631020663865,20177,23448,37290,23782
1631020663886,20180,23452,37278,23772
1631020663908,20182,23453,37269,23767
1631020663931,20182,23456,37269,23758
1631020663951,20188,23460,37268,23762
1631020663974,20196,23460,37266,23757
1631020663996,20196,23464,37264,23754
1631020664018,20198,23457,37259,23750
1631020664040,20186,23457,37250,23743
1631020664061,20188,23447,37241,23741
1631020664083,20189,23453,37244,23734
1631020664106,20191,23453,37244,23735
1631020664128,20191,23451,37245,23728
1631020664149,20194,23454,37246,23731
1631020664171,20191,23454,37244,23726
1631020664194,20187,23447,37237,23723
1631020664215,20189,23446,37233,23724
1631020664238,20186,23444,37236,23723
1631020664259,20195,23443,37246,23725
1631020664281,20190,23447,37247,23729
1631020664303,20196,23441,37256,23723
1631020664325,20193,23444,37257,23728
1631020664347,20193,23441,37258,23726
1631020664368,20188,23440,37254,23726
1631020664391,20183,23432,37225,23713
1631020664412,20154,23413,37154,23679
1631020664434,20141,23400,37104,23659
1631020664456,20134,23392,37073,23636
1631020664478,20132,23388,37046,23622
1631020664500,20136,23392,37030,23613
1631020664522,20144,23402,37003,23591
1631020664544,20150,23403,36984,23580
1631020664566,20149,23405,36971,23574
1631020664588,20156,23408,36960,23563
1631020664610,20156,23407,36945,23557
1631020664632,20156,23409,36931,23536
1631020664654,20156,23406,36909,23530
1631020664668,20156,23404,36894,23515
1631020664698,20146,23400,36874,23506
1631020664714,20144,23394,36852,23490
1631020664729,20150,23393,36836,23476
1631020664761,20148,23399,36829,23470
1631020664782,20152,23397,36828,23466
1631020664798,20150,23399,36818,23464
1631020664830,20151,23396,36816,23456
1631020664845,20144,23390,36806,23449
1631020664861,20149,23392,36804,23445
1631020664883,20150,23389,36800,23439
1631020664914,20151,23395,36799,23437
1631020664930,20152,23389,36791,23435
1631020664945,20155,23386,36790,23427
1631020664977,20155,23390,36785,23430
1631020664999,20154,23387,36780,23425
1631020665014,20157,23386,36774,23422
1631020665046,20149,23378,36779,23414
1631020665061,20148,23378,36772,23414
1631020665083,20145,23379,36772,23413
1631020665114,20149,23377,36776,23411
1631020665130,20154,23376,36781,23409
1631020665145,20155,23376,36787,23414
1631020665177,20157,23384,36796,23417
1631020665199,20161,23386,36805,23423
1631020665214,20161,23390,36808,23422
1631020665246,20156,23386,36797,23419
1631020665261,20144,23371,36752,23403
1631020665283,20121,23356,36683,23365
1631020665299,20111,23345,36639,23341
1631020665330,20104,23343,36606,23323
1631020665346,20107,23341,36589,23308
1631020665377,20118,23349,36575,23295
1631020665399,20118,23354,36551,23283
1631020665415,20120,23352,36541,23277
1631020665430,20123,23355,36524,23266
1631020665461,20126,23356,36523,23260
1631020665483,20125,23356,36511,23251
1631020665499,20130,23361,36493,23237
1631020665530,20124,23353,36470,23227
1631020665546,20119,23351,36452,23215
1631020665562,20118,23349,36438,23204
1631020665584,20118,23347,36426,23195
1631020665615,20118,23346,36418,23195
1631020665631,20125,23352,36419,23185
1631020665662,20128,23353,36423,23180
1631020665684,20126,23352,36420,23178
1631020665707,20125,23353,36415,23172
1631020665728,20128,23352,36417,23176
1631020665749,20129,23353,36414,23171
1631020665771,20139,23357,36423,23166
1631020665794,20139,23361,36419,23170
1631020665816,20133,23356,36422,23166
1631020665838,20139,23364,36420,23176
1631020665860,20140,23361,36423,23172
1631020665883,20142,23356,36424,23172
1631020665904,20140,23359,36425,23170
1631020665926,20136,23355,36429,23171
1631020665948,20144,23361,36441,23175
1631020665969,20147,23358,36439,23176
1631020665991,20148,23358,36452,23179
1631020666014,20147,23363,36458,23183
1631020666035,20152,23357,36467,23186
1631020666058,20155,23368,36472,23188
1631020666080,20156,23359,36481,23190
1631020666101,20146,23353,36465,23182
1631020666124,20132,23347,36426,23168
1631020666145,20115,23334,36387,23148
1631020666167,20104,23320,36335,23121
1631020666189,20098,23316,36301,23105
1631020666211,20103,23320,36287,23090
1631020666232,20105,23325,36281,23086
1631020666254,20106,23333,36270,23082
1631020666277,20116,23335,36268,23068
1631020666299,20118,23335,36263,23067
1631020666320,20126,23340,36260,23066
1631020666342,20127,23342,36257,23060
1631020666364,20129,23351,36257,23057
1631020666386,20133,23350,36246,23057
1631020666408,20131,23346,36234,23047
1631020666430,20128,23344,36224,23039
1631020666451,20131,23341,36217,23035
1631020666474,20124,23346,36218,23031
1631020666496,20135,23347,36217,23034
1631020666518,20136,23348,36223,23035
1631020666540,20144,23348,36230,23032
1631020666562,20140,23347,36227,23033
1631020666583,20143,23348,36233,23033
1631020666606,20141,23350,36241,23034
1631020666626,20147,23356,36251,23042
1631020666649,20154,23361,36254,23046
1631020666669,20153,23362,36260,23049
1631020666686,20148,23355,36268,23049
1631020666702,20158,23361,36268,23051
1631020666733,20152,23357,36278,23053
1631020666749,20157,23357,36285,23055
1631020666781,20153,23352,36291,23058
1631020666803,20147,23352,36300,23065
1631020666818,20154,23354,36309,23067
1631020666834,20156,23352,36320,23075
1631020666865,20157,23348,36329,23077
1631020666887,20160,23352,36336,23085
1631020666903,20161,23354,36347,23087
1631020666934,20163,23357,36352,23092
1631020666950,20165,23354,36374,23106
1631020666965,20165,23361,36387,23113
1631020666987,20167,23354,36387,23114
1631020667019,20153,23348,36363,23105
1631020667034,20141,23341,36326,23095
1631020667066,20120,23316,36277,23071
1631020667088,20115,23313,36256,23065
1631020667103,20118,23320,36254,23062
1631020667119,20123,23327,36250,23057
1631020667150,20131,23330,36248,23060
1631020667166,20136,23331,36246,23052
1631020667188,20141,23339,36248,23050
1631020667215,20144,23342,36249,23053
1631020667231,20145,23341,36251,23054
1631020667262,20146,23347,36249,23054
1631020667278,20150,23348,36242,23050
1631020667304,20147,23348,36239,23043
1631020667322,20142,23340,36229,23045
1631020667338,20144,23336,36224,23035
1631020667369,20140,23335,36224,23043
1631020667388,20143,23337,36233,23037
1631020667404,20144,23336,36237,23036
1631020667436,20151,23336,36243,23039
1631020667451,20148,23337,36248,23044
1631020667482,20151,23339,36254,23046
1631020667489,20152,23340,36269,23052
1631020667520,20153,23343,36275,23055
1631020667536,20159,23347,36290,23061
1631020667567,20162,23351,36292,23067
1631020667589,20165,23356,36308,23073
1631020667605,20166,23353,36314,23084
1631020667621,20166,23351,36322,23087
1631020667652,20165,23348,36330,23092
1631020667680,20167,23350,36336,23097
1631020667700,20162,23353,36345,23099
1631020667716,20162,23342,36358,23098
1631020667732,20164,23343,36369,23103
1631020667763,20162,23340,36373,23113
1631020667779,20162,23340,36383,23111
1631020667806,20162,23339,36387,23122
1631020667821,20167,23341,36402,23121
1631020667852,20167,23345,36411,23132
1631020667868,20176,23354,36430,23139
1631020667890,20179,23352,36441,23151
1631020667906,20177,23356,36445,23156
1631020667937,20164,23345,36405,23144
1631020667953,20147,23330,36368,23132
1631020667984,20135,23320,36338,23118
1631020668006,20125,23314,36319,23108
1631020668022,20130,23307,36314,23098
1631020668038,20137,23320,36316,23095
1631020668069,20140,23326,36318,23095
1631020668091,20149,23326,36317,23091
1631020668107,20152,23325,36317,23100
1631020668138,20153,23330,36323,23098
1631020668153,20160,23337,36336,23103
1631020668169,20161,23343,36337,23104
1631020668191,20158,23341,36335,23106
1631020668223,20158,23342,36323,23105
1631020668238,20158,23328,36320,23100
1631020668269,20152,23331,36318,23099
1631020668291,20152,23334,36330,23101
1631020668307,20159,23337,36326,23105
1631020668323,20158,23338,36335,23109
1631020668354,20159,23334,36345,23112
1631020668370,20159,23335,36357,23114
1631020668392,20163,23334,36363,23118
1631020668423,20164,23338,36373,23125
1631020668439,20167,23338,36385,23132
1631020668455,20173,23347,36404,23141
1631020668486,20176,23347,36408,23153
1631020668508,20178,23347,36421,23161
1631020668523,20176,23343,36424,23158
1631020668555,20175,23342,36436,23161
1631020668570,20173,23341,36440,23164
1631020668592,20170,23336,36447,23166
1631020668608,20170,23330,36452,23170
1631020668639,20167,23329,36456,23172
1631020668655,20166,23332,36465,23175
1631020668686,20165,23329,36471,23179
1631020668708,20162,23324,36475,23177
1631020668724,20161,23321,36499,23184
1631020668739,20160,23319,36503,23191
1631020668771,20163,23320,36515,23198
1631020668793,20162,23326,36527,23204
1631020668808,20162,23318,36531,23204
1631020668840,20143,23305,36487,23192
1631020668855,20128,23292,36457,23181
1631020668871,20119,23287,36426,23172
1631020668893,20117,23281,36419,23165
1631020668925,20117,23283,36409,23161
1631020668940,20124,23286,36411,23166
1631020668971,20125,23291,36416,23162
1631020668993,20129,23294,36421,23166
1631020669009,20134,23290,36429,23167
1631020669025,20135,23302,36439,23172
1631020669056,20143,23308,36446,23176
1631020669072,20144,23308,36447,23179
1631020669094,20141,23306,36443,23175
1631020669125,20140,23303,36436,23173
1631020669141,20132,23295,36430,23166
1631020669156,20136,23296,36439,23169
1631020669188,20143,23303,36441,23175
1631020669210,20145,23304,36456,23181
1631020669225,20148,23317,36469,23190
1631020669256,20164,23325,36489,23205
1631020669272,20168,23330,36503,23213
1631020669294,20165,23322,36508,23222
1631020669310,20170,23324,36519,23226
1631020669341,20175,23325,36527,23229
1631020669357,20171,23328,36533,23233
1631020669388,20166,23321,36536,23237
1631020669410,20167,23321,36543,23237
1631020669426,20165,23317,36544,23240
1631020669441,20164,23316,36551,23241
1631020669472,20165,23313,36556,23245
1631020669494,20161,23308,36565,23247
1631020669510,20165,23308,36577,23252
1631020669541,20162,23313,36589,23252
1631020669557,20163,23312,36590,23258
1631020669573,20165,23309,36597,23266
1631020669595,20171,23316,36615,23272
1631020669626,20175,23317,36626,23281
1631020669642,20178,23320,36640,23288
1631020669674,20176,23311,36645,23290
1631020669696,20167,23313,36631,23290
1631020669718,20145,23297,36576,23266
1631020669740,20133,23285,36547,23256
1631020669762,20122,23280,36525,23242
1631020669784,20121,23277,36511,23240
1631020669807,20127,23282,36513,23238
1631020669828,20135,23287,36517,23233
1631020669849,20135,23288,36516,23230
1631020669872,20132,23281,36515,23230
1631020669894,20136,23287,36520,23234
1631020669915,20140,23287,36526,23236
1631020669938,20144,23291,36528,23234
1631020669960,20145,23291,36528,23233
1631020669982,20143,23288,36519,23230
1631020670004,20142,23288,36516,23226
1631020670025,20141,23291,36511,23228
1631020670048,20139,23291,36522,23231
1631020670069,20144,23289,36526,23230
1631020670091,20148,23289,36535,23236
1631020670113,20153,23299,36540,23238
1631020670135,20151,23297,36544,23242
1631020670157,20149,23291,36552,23247
1631020670179,20149,23295,36561,23250
1631020670202,20153,23296,36567,23253
1631020670223,20161,23296,36580,23259
1631020670245,20161,23303,36584,23267
1631020670266,20164,23302,36600,23274
1631020670289,20168,23306,36606,23281
1631020670311,20166,23307,36614,23284
1631020670332,20170,23309,36618,23284
1631020670355,20167,23303,36618,23287
1631020670377,20170,23301,36639,23294
1631020670398,20171,23302,36649,23299
1631020670420,20169,23308,36660,23306
1631020670442,20174,23310,36666,23313
1631020670464,20180,23313,36678,23326
1631020670486,20186,23320,36699,23330
1631020670508,20187,23317,36702,23332
1631020670530,20182,23314,36686,23328
1631020670551,20166,23297,36654,23317
1631020670573,20146,23288,36615,23305
1631020670596,20132,23271,36566,23278
1631020670617,20127,23269,36547,23269
1631020670640,20129,23271,36541,23262
1631020670662,20139,23278,36537,23261
1631020670683,20141,23280,36533,23260
1631020670705,20141,23283,36528,23252
1631020670728,20148,23282,36526,23252
1631020670748,20148,23286,36530,23251
1631020670771,20157,23291,36528,23254
1631020670793,20155,23293,36525,23252
1631020670815,20155,23292,36517,23246
1631020670836,20151,23285,36502,23240
1631020670859,20148,23281,36496,23238
1631020670880,20152,23286,36501,23239
1631020670902,20154,23288,36506,23244
1631020670925,20163,23290,36512,23243
1631020670947,20160,23293,36519,23246
1631020670968,20165,23293,36520,23248
1631020670991,20164,23291,36532,23248
1631020671012,20162,23292,36536,23255
1631020671034,20166,23297,36540,23259
1631020671056,20172,23296,36541,23258
1631020671078,20170,23299,36547,23261
1631020671099,20171,23302,36551,23265
1631020671122,20174,23302,36558,23267
1631020671143,20174,23298,36564,23274
1631020671165,20172,23294,36570,23270
1631020671188,20172,23292,36574,23277
1631020671209,20175,23296,36577,23281
1631020671231,20176,23298,36585,23285
1631020671254,20177,23294,36598,23286
1631020671276,20178,23298,36604,23293
1631020671297,20183,23299,36616,23296
1631020671319,20187,23297,36627,23301
1631020671342,20184,23297,36632,23306
1631020671363,20175,23295,36617,23305
1631020671385,20159,23287,36581,23289
1631020671407,20149,23272,36537,23271
1631020671429,20135,23265,36497,23250
1631020671450,20128,23258,36466,23237
1631020671472,20137,23260,36449,23224
1631020671495,20139,23268,36443,23216
1631020671516,20148,23271,36437,23214
1631020671539,20144,23275,36428,23207
1631020671561,20150,23273,36427,23204
1631020671582,20156,23282,36423,23201
1631020671604,20159,23279,36422,23198
1631020671626,20158,23282,36411,23194
1631020671648,20159,23280,36404,23190
1631020671671,20154,23274,36387,23180
1631020671692,20151,23274,36372,23178
1631020671714,20160,23282,36372,23175
1631020671736,20166,23290,36376,23178
1631020671758,20174,23293,36377,23177
1631020671780,20171,23294,36370,23175
1631020671801,20169,23287,36374,23170
1631020671823,20166,23283,36375,23170
1631020671846,20165,23280,36372,23167
1631020671867,20168,23277,36375,23166
1631020671890,20162,23280,36367,23167
1631020671912,20163,23271,36380,23163
1631020671933,20163,23275,36382,23163
1631020671955,20164,23275,36390,23170
1631020671977,20160,23275,36393,23166
1631020671999,20162,23274,36394,23170
1631020672021,20161,23268,36399,23170
1631020672043,20162,23264,36399,23171
1631020672065,20155,23264,36404,23172
1631020672086,20163,23263,36411,23170
1631020672109,20162,23262,36415,23181
1631020672131,20160,23267,36434,23177
1631020672152,20168,23268,36439,23183
1631020672174,20165,23264,36449,23190
1631020672196,20152,23258,36433,23183
1631020672217,20140,23250,36395,23171
1631020672241,20122,23230,36327,23138
1631020672263,20107,23219,36289,23117
1631020672284,20102,23216,36258,23102
1631020672307,20108,23220,36244,23093
1631020672328,20114,23224,36234,23086
1631020672349,20121,23231,36225,23079
1631020672372,20127,23233,36222,23075
1631020672394,20124,23235,36222,23072
1631020672415,20132,23237,36227,23067
1631020672438,20134,23239,36228,23071
1631020672460,20131,23236,36218,23068
1631020672481,20127,23238,36203,23063
1631020672503,20122,23232,36191,23053
1631020672526,20121,23227,36180,23050
1631020672547,20121,23236,36183,23045
1631020672569,20126,23229,36184,23046
1631020672591,20125,23231,36186,23045
1631020672613,20127,23232,36191,23039
1631020672635,20127,23232,36191,23038
1631020672657,20126,23228,36195,23043
1631020672668,20130,23226,36198,23036
1631020672698,20130,23230,36195,23036
1631020672714,20134,23233,36195,23034
1631020672730,20135,23235,36208,23035
1631020672761,20139,23236,36212,23037
1631020672777,20142,23239,36215,23046
1631020672799,20140,23240,36217,23044
1631020672830,20142,23236,36227,23049
1631020672846,20140,23235,36235,23055
1631020672861,20137,23234,36243,23062
1631020672893,20140,23232,36256,23066
1631020672915,20140,23229,36267,23069
1631020672930,20142,23237,36275,23076
1631020672962,20147,23237,36285,23080
1631020672977,20149,23235,36291,23085
1631020672999,20141,23231,36268,23079
1631020673015,20123,23217,36230,23063
1631020673046,20112,23208,36186,23044
1631020673062,20101,23202,36148,23024
1631020673093,20103,23203,36126,23013
1631020673115,20111,23209,36111,22997
1631020673131,20115,23214,36100,22993
1631020673162,20121,23219,36099,22988
1631020673178,20121,23224,36095,22986
1631020673199,20130,23221,36096,22983
1631020673215,20138,23231,36098,22987
1631020673246,20139,23231,36097,22980
1631020673262,20139,23234,36086,22977
1631020673293,20135,23229,36080,22972
1631020673299,20127,23223,36064,22968
1631020673331,20129,23223,36052,22956
1631020673346,20135,23225,36051,22954
1631020673378,20137,23232,36056,22955
1631020673400,20142,23236,36064,22961
1631020673415,20141,23234,36067,22962
1631020673447,20147,23240,36074,22964
1631020673463,20146,23235,36079,22965
1631020673478,20152,23243,36083,22970
1631020673500,20157,23248,36091,22968
1631020673531,20163,23254,36093,22975
1631020673547,20165,23248,36097,22975
1631020673578,20158,23250,36108,22980
1631020673594,20161,23245,36105,22982
1631020673616,20163,23243,36107,22987
1631020673631,20161,23247,36117,22987
1631020673663,20162,23249,36116,22991
1631020673688,20161,23244,36135,22993
1631020673709,20164,23240,36142,22992
1631020673731,20161,23239,36148,23003
1631020673754,20169,23245,36163,23008
1631020673776,20165,23243,36170,23012
1631020673798,20162,23243,36185,23019
1631020673818,20164,23241,36174,23014
1631020673841,20148,23231,36141,23002
1631020673864,20131,23220,36094,22983
1631020673885,20117,23203,36041,22954
1631020673908,20112,23197,35994,22927
1631020673929,20111,23201,35972,22913
1631020673951,20119,23206,35955,22905
1631020673973,20118,23205,35948,22893
1631020673995,20120,23204,35935,22884
1631020674016,20123,23207,35928,22874
1631020674039,20126,23211,35925,22875
1631020674060,20129,23209,35922,22870
1631020674082,20125,23207,35913,22861
1631020674105,20120,23205,35897,22850
1631020674126,20121,23204,35876,22844
1631020674148,20116,23202,35863,22831
1631020674170,20115,23199,35859,22828
1631020674192,20118,23203,35856,22827
1631020674214,20123,23207,35853,22819
1631020674236,20129,23209,35860,22826
1631020674258,20132,23210,35869,22825
1631020674280,20135,23213,35876,22829
1631020674302,20136,23209,35877,22826
1631020674324,20135,23212,35880,22826
1631020674346,20142,23218,35887,22830
1631020674367,20148,23225,35897,22833
1631020674389,20149,23229,35906,22837
1631020674411,20151,23224,35910,22842
1631020674433,20153,23229,35907,22842
1631020674455,20155,23230,35918,22851
1631020674477,20155,23229,35934,22855
1631020674499,20154,23229,35935,22855
1631020674521,20154,23226,35945,22859
1631020674543,20154,23227,35947,22860
1631020674564,20160,23229,35968,22866
1631020674587,20167,23236,35986,22876
1631020674609,20170,23234,35993,22882
1631020674631,20164,23235,36005,22892
1631020674653,20171,23235,36011,22892
1631020674669,20163,23233,36005,22896
1631020674684,20149,23227,35959,22880
1631020674719,20136,23213,35909,22855
1631020674734,20130,23205,35857,22834
1631020674750,20120,23201,35816,22805
1631020674781,20120,23205,35776,22784
1631020674803,20125,23200,35755,22775
1631020674819,20124,23203,35739,22765
1631020674850,20129,23207,35726,22754
1631020674866,20130,23211,35710,22738
1631020674881,20135,23209,35704,22732
1631020674904,20136,23215,35695,22728
1631020674935,20139,23218,35686,22720
1631020674951,20136,23218,35675,22716
1631020674967,20138,23214,35656,22705
1631020674998,20136,23207,35634,22692
1631020675019,20133,23208,35627,22683
1631020675035,20133,23210,35615,22677
1631020675066,20131,23209,35613,22669
1631020675082,20139,23209,35616,22662
1631020675104,20138,23208,35610,22669
1631020675136,20138,23210,35615,22668
1631020675151,20143,23209,35616,22668
1631020675167,20135,23213,35612,22665
1631020675198,20141,23210,35612,22660
1631020675220,20143,23212,35624,22664
1631020675236,20148,23210,35627,22664
1631020675251,20151,23209,35628,22663
1631020675283,20146,23218,35632,22665
1631020675305,20150,23212,35635,22667
1631020675320,20149,23211,35645,22668
1631020675352,20151,23209,35649,22670
1631020675367,20149,23209,35658,22671
1631020675383,20150,23207,35663,22675
1631020675405,20152,23211,35673,22676
1631020675437,20155,23213,35686,22688
1631020675452,20154,23212,35696,22689
1631020675484,20156,23213,35699,22693
1631020675506,20161,23210,35714,22700
1631020675522,20165,23217,35727,22713
1631020675537,20170,23222,35756,22723
1631020675568,20167,23220,35758,22725
1631020675584,20156,23215,35738,22720
1631020675606,20136,23201,35695,22705
1631020675638,20128,23190,35635,22679
1631020675654,20117,23183,35570,22643
1631020675683,20119,23179,35543,22622
1631020675706,20122,23190,35522,22611
1631020675728,20125,23199,35507,22598
1631020675748,20132,23193,35502,22590
1631020675772,20127,23188,35471,22575
1631020675793,20133,23190,35461,22570
1631020675815,20134,23198,35457,22566
1631020675837,20130,23196,35452,22563
1631020675859,20133,23193,35444,22556
1631020675881,20133,23190,35426,22549
1631020675903,20130,23192,35413,22539
1631020675925,20127,23186,35403,22536
1631020675947,20123,23183,35399,22528
1631020675969,20130,23187,35389,22521
1631020675991,20133,23187,35400,22520
1631020676012,20138,23190,35404,22520
1631020676034,20139,23193,35405,22525
1631020676056,20133,23197,35411,22521
1631020676079,20137,23188,35413,22525
1631020676099,20138,23189,35425,22526
1631020676122,20140,23186,35424,22525
1631020676144,20143,23189,35433,22532
1631020676166,20139,23196,35442,22531
1631020676188,20147,23195,35451,22536
1631020676210,20146,23191,35454,22536
1631020676232,20143,23189,35460,22540
1631020676254,20147,23191,35470,22542
1631020676276,20143,23191,35474,22543
1631020676297,20142,23186,35479,22547
1631020676319,20142,23184,35502,22557
1631020676342,20142,23184,35510,22560
1631020676364,20143,23180,35520,22565
1631020676386,20146,23185,35528,22570
1631020676408,20142,23181,35539,22577
1631020676430,20148,23183,35564,22587
1631020676451,20146,23181,35580,22593
1631020676473,20150,23183,35592,22601
1631020676495,20148,23188,35606,22610
1631020676516,20143,23181,35603,22607
1631020676539,20120,23157,35538,22585
1631020676561,20101,23148,35495,22566
1631020676583,20095,23141,35454,22545
1631020676604,20093,23144,35438,22536
1631020676627,20106,23154,35431,22536
1631020676648,20110,23159,35414,22527
1631020676668,20112,23161,35413,22520
1631020676684,20118,23160,35412,22518
1631020676709,20116,23166,35409,22517
1631020676725,20126,23163,35415,22524
1631020676756,20129,23170,35427,22522
1631020676772,20131,23171,35419,22522
1631020676787,20128,23170,35412,22514
1631020676809,20117,23163,35401,22510
1631020676842,20121,23159,35394,22507
1631020676857,20119,23163,35393,22507
1631020676888,20123,23166,35400,22509
1631020676910,20135,23171,35407,22511
1631020676926,20132,23172,35417,22516
1631020676941,20138,23172,35429,22522
1631020676972,20138,23171,35441,22531
1631020676988,20136,23174,35452,22533
1631020677010,20140,23178,35463,22539
1631020677042,20144,23180,35475,22544
1631020677057,20149,23187,35483,22553
1631020677073,20155,23184,35503,22563
1631020677104,20154,23185,35510,22571
1631020677126,20155,23185,35521,22576
1631020677142,20149,23183,35535,22582
1631020677173,20153,23180,35548,22590
1631020677188,20158,23190,35564,22600
1631020677211,20160,23189,35580,22609
1631020677226,20165,23190,35593,22614
1631020677258,20171,23191,35608,22623
1631020677273,20166,23188,35627,22635
1631020677305,20177,23199,35656,22651
1631020677327,20178,23196,35669,22660
1631020677342,20178,23199,35686,22669
1631020677358,20173,23199,35677,22671
1631020677389,20163,23187,35650,22661
1631020677411,20132,23161,35588,22634
1631020677427,20122,23157,35553,22616
1631020677458,20121,23153,35535,22605
1631020677474,20124,23160,35527,22598
1631020677489,20131,23162,35525,22596
1631020677512,20142,23171,35524,22595
1631020677543,20146,23178,35526,22597
1631020677559,20148,23181,35532,22602
1631020677590,20163,23189,35543,22603
1631020677612,20165,23186,35554,22608
1631020677628,20170,23196,35552,22613
1631020677643,20168,23195,35550,22615
1631020677679,20158,23191,35540,22609
1631020677700,20159,23189,35535,22612
1631020677723,20160,23191,35543,22617
1631020677745,20165,23194,35559,22616
1631020677767,20169,23195,35568,22623
1631020677789,20171,23195,35578,22627
1631020677811,20174,23199,35590,22633
1631020677832,20179,23197,35599,22640
1631020677855,20180,23206,35618,22652
1631020677875,20183,23207,35630,22654
1631020677898,20192,23211,35646,22667
1631020677920,20198,23218,35653,22672
1631020677942,20195,23211,35660,22679
1631020677964,20197,23214,35682,22693
1631020677986,20195,23215,35693,22697
1631020678008,20196,23213,35704,22705
1631020678030,20197,23208,35717,22708
1631020678052,20198,23201,35726,22713
1631020678074,20187,23209,35746,22720
1631020678096,20190,23207,35752,22728
1631020678117,20193,23207,35769,22734
1631020678139,20200,23209,35790,22744
1631020678161,20200,23202,35799,22751
1631020678183,20204,23213,35830,22769
1631020678206,20204,23220,35845,22781
1631020678228,20196,23214,35840,22782
1631020678249,20186,23202,35806,22774
1631020678271,20166,23185,35764,22756
1631020678293,20147,23168,35701,22725
1631020678315,20144,23163,35682,22713
1631020678337,20145,23166,35667,22708
1631020678359,20151,23171,35665,22703
1631020678380,20153,23171,35665,22698
1631020678403,20159,23182,35665,22701
1631020678425,20164,23185,35665,22702
1631020678447,20166,23187,35674,22702
1631020678468,20171,23189,35678,22708
1631020678491,20171,23199,35683,22709
1631020678512,20169,23198,35672,22706
1631020678534,20171,23191,35662,22702
1631020678556,20163,23187,35658,22699
1631020678578,20164,23185,35650,22696
1631020678600,20163,23184,35654,22698
1631020678623,20172,23189,35672,22701
1631020678644,20173,23191,35682,22706
1631020678665,20178,23197,35693,22714
1631020678684,20182,23191,35701,22715
1631020678700,20176,23197,35715,22725
1631020678729,20186,23199,35729,22730
1631020678745,20190,23203,35736,22737
1631020678760,20189,23204,35751,22742
1631020678792,20191,23204,35761,22748
1631020678813,20190,23205,35765,22754
1631020678829,20191,23200,35767,22754
1631020678863,20187,23198,35781,22764
1631020678878,20193,23197,35799,22772
1631020678894,20193,23198,35803,22779
1631020678929,20190,23200,35817,22785
1631020678945,20189,23197,35827,22779
1631020678961,20201,23207,35848,22800
1631020678992,20204,23209,35867,22810
1631020679014,20205,23209,35880,22817
1631020679029,20208,23208,35897,22821
1631020679061,20205,23211,35893,22829
1631020679076,20189,23200,35852,22816
1631020679092,20173,23183,35802,22793
1631020679114,20157,23170,35760,22775
1631020679145,20150,23168,35736,22761
1631020679161,20155,23173,35726,22759
1631020679192,20161,23175,35725,22756
1631020679214,20167,23182,35722,22754
1631020679230,20172,23181,35718,22751
1631020679245,20175,23184,35725,22750
1631020679277,20176,23190,35733,22752
1631020679292,20181,23193,35739,22756
1631020679314,20178,23191,35734,22754
1631020679345,20180,23190,35732,22753
1631020679361,20172,23186,35727,22751
1631020679376,20171,23183,35709,22744
1631020679408,20174,23182,35711,22738
1631020679430,20174,23189,35713,22742
1631020679445,20179,23185,35719,22740
1631020679477,20177,23188,35729,22745
1631020679492,20178,23183,35734,22747
1631020679514,20177,23182,35751,22755
1631020679530,20180,23180,35762,22759
1631020679561,20179,23179,35769,22764
1631020679577,20180,23183,35780,22770
1631020679608,20186,23184,35789,22773
1631020679630,20183,23183,35806,22784
1631020679645,20179,23182,35820,22786
1631020679661,20183,23186,35833,22790
1631020679697,20183,23183,35841,22799
1631020679718,20188,23186,35849,22800
1631020679740,20184,23182,35868,22814
1631020679763,20186,23187,35881,22821
1631020679784,20189,23188,35898,22827
1631020679806,20194,23183,35910,22832
1631020679829,20199,23195,35926,22843
1631020679850,20201,23197,35948,22852
1631020679872,20199,23195,35956,22861
1631020679893,20201,23193,35957,22864
1631020679916,20183,23180,35927,22855
1631020679938,20171,23168,35881,22839
1631020679960,20150,23156,35817,22809
1631020679982,20146,23155,35794,22796
1631020680004,20149,23154,35783,22786
1631020680025,20153,23155,35776,22784
1631020680047,20155,23154,35766,22778
1631020680070,20160,23165,35773,22778
1631020680092,20165,23168,35775,22780
1631020680113,20167,23171,35779,22782
1631020680135,20173,23167,35783,22784
1631020680158,20173,23174,35787,22781
1631020680180,20165,23163,35770,22778
1631020680201,20162,23162,35763,22776
1631020680224,20158,23160,35751,22766
1631020680246,20166,23159,35755,22765
1631020680267,20168,23165,35757,22775
1631020680290,20171,23172,35763,22773
1631020680311,20176,23172,35768,22773
1631020680333,20176,23175,35775,22775
1631020680355,20173,23169,35779,22780
1631020680377,20177,23174,35786,22784
1631020680398,20182,23179,35803,22789
1631020680420,20189,23180,35807,22798
1631020680443,20187,23185,35822,22801
1631020680464,20189,23188,35824,22810
1631020680487,20191,23184,35825,22808
1631020680508,20197,23184,35838,22820
1631020680530,20192,23181,35852,22819
1631020680552,20195,23185,35858,22826
1631020680574,20192,23180,35870,22836
1631020680596,20196,23181,35874,22837
1631020680618,20196,23180,35895,22852
1631020680640,20199,23187,35911,22855
1631020680662,20201,23186,35926,22865
1631020680684,20201,23192,35942,22872
1631020680706,20202,23190,35952,22880
1631020680728,20194,23181,35931,22874
1631020680749,20175,23168,35885,22861
1631020680772,20161,23153,35838,22842
1631020680794,20150,23144,35801,22821
1631020680815,20143,23141,35773,22806
1631020680837,20152,23147,35756,22795
1631020680859,20157,23153,35751,22796
1631020680881,20163,23160,35754,22793
1631020680905,20166,23162,35753,22794
1631020680926,20175,23164,35755,22798
1631020680947,20180,23171,35761,22795
1631020680969,20180,23176,35748,22799
1631020680991,20181,23175,35751,22793
1631020681013,20174,23173,35743,22796
1631020681034,20172,23167,35736,22782
1631020681057,20171,23159,35715,22779
1631020681079,20172,23166,35714,22779
1631020681101,20181,23168,35721,22780
1631020681123,20182,23175,35719,22785
1631020681145,20184,23170,35723,22774
1631020681166,20185,23175,35740,22788
1631020681189,20184,23171,35745,22790
1631020681211,20190,23177,35755,22794
1631020681232,20186,23183,35763,22797
1631020681255,20192,23181,35755,22797
1631020681276,20198,23184,35777,22811
1631020681298,20199,23185,35785,22817
1631020681320,20195,23181,35786,22816
1631020681342,20198,23185,35795,22821
1631020681363,20195,23185,35797,22816
1631020681386,20197,23176,35810,22832
1631020681408,20198,23176,35825,22834
1631020681430,20201,23175,35831,22840
1631020681452,20199,23179,35845,22844
1631020681474,20200,23178,35851,22853
1631020681496,20204,23185,35883,22872
1631020681517,20210,23187,35902,22879
1631020681540,20208,23190,35912,22885
1631020681562,20207,23192,35910,22888
1631020681583,20196,23178,35876,22872
1631020681606,20171,23160,35800,22847
1631020681627,20154,23144,35753,22824
1631020681648,20144,23140,35714,22803
1631020681671,20151,23139,35688,22792
1631020681693,20154,23147,35673,22775
1631020681714,20164,23149,35662,22766
1631020681737,20167,23149,35653,22762
1631020681759,20167,23154,35648,22757
1631020681780,20164,23151,35642,22757
1631020681803,20168,23157,35643,22757
1631020681824,20176,23164,35630,22751
1631020681846,20174,23162,35620,22748
1631020681868,20174,23159,35603,22742
1631020681890,20160,23147,35584,22729
1631020681912,20164,23153,35569,22725
1631020681934,20168,23151,35560,22723
1631020681956,20173,23158,35562,22720
1631020681978,20174,23160,35568,22725
1631020681999,20177,23163,35564,22722
1631020682022,20173,23157,35565,22726
1631020682044,20177,23154,35582,22722
1631020682066,20179,23157,35578,22729
1631020682088,20180,23160,35591,22729
1631020682110,20185,23165,35596,22730
1631020682131,20186,23166,35595,22739
1631020682153,20187,23160,35599,22737
1631020682176,20183,23160,35603,22739
1631020682196,20184,23161,35609,22741
1631020682219,20182,23160,35618,22746
1631020682242,20187,23161,35621,22747
1631020682263,20187,23161,35631,22751
1631020682285,20187,23157,35641,22757
1631020682307,20184,23162,35648,22761
1631020682329,20185,23166,35654,22764
1631020682350,20195,23163,35663,22771
1631020682373,20197,23169,35691,22779
1631020682395,20199,23169,35705,22788
1631020682416,20196,23172,35710,22792
1631020682439,20185,23161,35683,22782
1631020682460,20173,23151,35641,22776
1631020682482,20149,23125,35550,22724
1631020682504,20139,23121,35502,22702
1631020682527,20137,23118,35462,22678
1631020682548,20140,23122,35439,22664
1631020682569,20149,23128,35418,22651
1631020682585,20151,23135,35406,22646
1631020682600,20158,23141,35398,22638
1631020682636,20166,23147,35394,22641
1631020682651,20171,23148,35388,22635
1631020682667,20169,23152,35376,22629
1631020682698,20169,23147,35357,22616
1631020682720,20161,23143,35330,22607
1631020682736,20156,23130,35306,22590
1631020682767,20156,23127,35293,22584
1631020682783,20150,23129,35275,22579
1631020682798,20155,23133,35268,22562
1631020682820,20155,23129,35268,22562
1631020682852,20155,23129,35269,22557
1631020682867,20151,23123,35264,22556
1631020682899,20151,23124,35263,22554
1631020682921,20149,23126,35270,22554
1631020682937,20158,23130,35278,22561
1631020682952,20162,23132,35281,22560
1631020682983,20163,23136,35288,22565
1631020682999,20164,23133,35290,22571
1631020683021,20161,23130,35289,22566
1631020683053,20159,23132,35292,22564
1631020683068,20157,23128,35298,22569
1631020683084,20154,23128,35309,22571
1631020683115,20155,23124,35302,22578
1631020683137,20157,23121,35318,22570
1631020683153,20157,23118,35324,22577
1631020683184,20158,23124,35332,22579
1631020683200,20168,23132,35350,22591
1631020683222,20176,23135,35365,22601
1631020683238,20174,23133,35377,22609
1631020683269,20178,23141,35388,22614
1631020683285,20178,23137,35380,22617
1631020683316,20157,23128,35328,22594
1631020683338,20139,23109,35265,22568
1631020683354,20119,23090,35164,22516
1631020683369,20113,23085,35116,22486
1631020683401,20115,23085,35083,22462
1631020683423,20113,23090,35057,22449
1631020683439,20118,23090,35034,22435
1631020683454,20120,23095,35012,22421
1631020683486,20123,23091,34999,22410
1631020683501,20122,23093,34989,22407
1631020683523,20125,23095,34979,22397
1631020683555,20125,23088,34971,22391
1631020683571,20119,23088,34930,22369
1631020683586,20117,23083,34901,22353
1631020683623,20114,23082,34875,22339
1631020683639,20113,23083,34862,22325
1631020683655,20115,23090,34844,22317
1631020683689,20119,23089,34839,22309
1631020683711,20123,23089,34830,22304
1631020683732,20122,23085,34823,22297
1631020683755,20122,23084,34821,22293
1631020683777,20126,23089,34824,22295
1631020683798,20134,23099,34826,22293
1631020683820,20137,23099,34825,22297
1631020683842,20135,23100,34827,22293
1631020683864,20140,23100,34821,22291
1631020683886,20139,23097,34819,22289
1631020683908,20140,23098,34822,22284
1631020683929,20139,23096,34830,22288
1631020683951,20137,23096,34834,22289
1631020683974,20137,23100,34835,22287
1631020683996,20141,23097,34841,22289
1631020684018,20143,23101,34840,22292
1631020684040,20141,23096,34853,22291
1631020684062,20145,23102,34858,22302
1631020684083,20141,23106,34874,22308
1631020684106,20148,23110,34878,22315
1631020684127,20153,23112,34904,22322
1631020684149,20152,23110,34889,22318
1631020684172,20139,23099,34851,22301
1631020684194,20119,23083,34782,22269
1631020684215,20109,23074,34709,22234
1631020684238,20092,23061,34618,22184
1631020684259,20097,23062,34574,22157
1631020684281,20101,23073,34541,22136
1631020684303,20105,23078,34517,22122
1631020684325,20115,23074,34492,22108
1631020684346,20114,23085,34458,22087
1631020684369,20120,23089,34452,22080
1631020684391,20124,23092,34436,22070
1631020684412,20120,23096,34420,22062
1631020684435,20120,23088,34401,22050
1631020684456,20120,23081,34350,22026
1631020684479,20116,23078,34324,22001
1631020684500,20113,23079,34300,21986
1631020684522,20115,23080,34282,21980
1631020684544,20120,23087,34265,21972
1631020684552,20124,23090,34268,21964
1631020684584,20124,23089,34268,21962
1631020684599,20127,23088,34268,21958
1631020684626,20119,23090,34269,21958
1631020684642,20129,23081,34267,21960
1631020684673,20125,23089,34273,21959
1631020684689,20130,23092,34273,21959
1631020684720,20131,23094,34277,21960
1631020684742,20130,23094,34280,21958
1631020684757,20130,23094,34274,21954
1631020684773,20133,23090,34283,21954
1631020684804,20134,23093,34292,21952
1631020684826,20133,23092,34294,21959
1631020684842,20141,23095,34302,21961
1631020684873,20138,23090,34302,21964
1631020684889,20136,23094,34314,21968
1631020684904,20141,23097,34324,21965
1631020684927,20138,23094,34340,21976
1631020684958,20144,23097,34352,21982
1631020684974,20146,23099,34369,21988
1631020685005,20148,23102,34385,21996
1631020685027,20145,23098,34373,21994
1631020685043,20129,23087,34325,21977
1631020685058,20115,23076,34247,21943
1631020685089,20093,23060,34165,21899
1631020685105,20084,23051,34064,21836
1631020685127,20089,23059,34016,21806
1631020685158,20092,23059,33979,21787
1631020685174,20097,23065,33949,21766
1631020685190,20099,23061,33910,21746
1631020685221,20098,23073,33883,21728
1631020685243,20102,23071,33864,21713
1631020685259,20101,23072,33846,21704
1631020685290,20105,23077,33825,21691
1631020685306,20110,23075,33798,21674
1631020685327,20100,23067,33746,21645
1631020685343,20095,23064,33716,21625
1631020685374,20090,23062,33687,21610
1631020685390,20098,23062,33666,21596
1631020685421,20095,23063,33657,21584
1631020685444,20102,23066,33645,21574
1631020685459,20101,23066,33643,21568
1631020685475,20099,23062,33637,21564
1631020685506,20102,23064,33641,21563
1631020685528,20098,23057,33643,21558
1631020685544,20099,23066,33646,21565
1631020685575,20108,23070,33652,21565
1631020685591,20108,23070,33654,21567
1631020685606,20113,23069,33657,21564
1631020685629,20107,23069,33662,21568
1631020685660,20105,23070,33678,21569
1631020685685,20107,23073,33688,21574
1631020685707,20108,23071,33696,21579
1631020685729,20108,23069,33706,21581
1631020685750,20104,23068,33718,21580
1631020685772,20101,23065,33723,21592
1631020685795,20108,23061,33739,21588
1631020685815,20105,23063,33750,21597
1631020685838,20116,23069,33762,21603
1631020685861,20114,23083,33785,21614
1631020685882,20118,23074,33805,21627
1631020685905,20118,23074,33813,21634
1631020685926,20114,23068,33807,21633
1631020685948,20099,23052,33756,21606
1631020685970,20076,23039,33682,21574
1631020685991,20055,23021,33568,21516
1631020686013,20055,23019,33518,21484
1631020686036,20054,23022,33471,21463
1631020686058,20060,23025,33441,21442
1631020686079,20061,23033,33420,21428
1631020686101,20065,23036,33389,21411
1631020686124,20071,23036,33377,21396
1631020686146,20071,23039,33364,21394
1631020686168,20073,23043,33357,21385
1631020686190,20078,23044,33349,21382
1631020686212,20077,23046,33320,21368
1631020686233,20074,23038,33305,21353
1631020686255,20068,23036,33283,21342
1631020686277,20064,23036,33272,21332
1631020686299,20071,23039,33265,21327
1631020686321,20077,23044,33262,21328
1631020686343,20077,23048,33269,21329
1631020686365,20078,23044,33272,21323
1631020686387,20076,23046,33277,21325
1631020686408,20081,23047,33280,21329
1631020686430,20089,23050,33299,21333
1631020686452,20089,23052,33307,21343
1631020686474,20092,23058,33321,21351
1631020686496,20086,23061,33337,21355
1631020686518,20091,23058,33343,21358
1631020686540,20091,23054,33367,21366
1631020686562,20089,23053,33375,21369
1631020686584,20088,23048,33389,21374
1631020686606,20086,23048,33401,21378
1631020686621,20084,23045,33413,21383
1631020686637,20083,23040,33433,21390
1631020686666,20087,23044,33452,21392
1631020686682,20086,23044,33462,21400
1631020686713,20090,23043,33485,21412
1631020686729,20094,23046,33501,21421
1631020686751,20095,23047,33533,21434
1631020686766,20090,23048,33545,21443
1631020686798,20090,23046,33555,21449
1631020686813,20078,23034,33527,21440
1631020686845,20057,23017,33477,21418
1631020686867,20040,22999,33392,21378
1631020686882,20033,22995,33353,21351
1631020686898,20035,23001,33324,21339
1631020686929,20045,23012,33309,21326
1631020686951,20049,23012,33297,21323
1631020686967,20058,23024,33294,21320
1631020686998,20061,23028,33288,21316
1631020687014,20067,23035,33288,21319
1631020687045,20076,23039,33294,21320
1631020687051,20077,23038,33301,21322
1631020687083,20078,23045,33288,21318
1631020687098,20074,23043,33272,21312
1631020687129,20073,23038,33265,21304
1631020687152,20075,23040,33255,21301
1631020687167,20076,23048,33257,21304
1631020687183,20084,23052,33258,21304
1631020687214,20090,23053,33266,21307
1631020687230,20090,23053,33277,21306
1631020687252,20091,23051,33283,21312
1631020687283,20092,23061,33303,21321
1631020687299,20094,23060,33317,21331
1631020687315,20096,23059,33334,21339
1631020687346,20099,23061,33346,21350
1631020687368,20102,23066,33355,21353
1631020687384,20108,23066,33373,21363
1631020687415,20096,23064,33390,21368
1631020687430,20099,23064,33401,21375
1631020687453,20099,23060,33414,21385
1631020687469,20099,23063,33422,21391
1631020687500,20105,23057,33444,21402
1631020687515,20106,23065,33469,21413
1631020687547,20106,23064,33483,21417
1631020687569,20108,23064,33506,21427
1631020687585,20112,23066,33525,21437
1631020687600,20117,23071,33546,21450
1631020687631,20115,23075,33584,21468
1631020687654,20121,23081,33606,21482
1631020687680,20114,23078,33613,21490
1631020687702,20109,23067,33592,21485
1631020687724,20092,23058,33543,21465
1631020687745,20071,23042,33462,21428
1631020687768,20065,23035,33418,21400
1631020687790,20068,23037,33391,21387
1631020687812,20076,23046,33378,21385
1631020687834,20079,23045,33369,21379
1631020687855,20087,23054,33365,21379
1631020687878,20091,23062,33365,21376
1631020687899,20098,23067,33372,21381
1631020687921,20098,23067,33368,21383
1631020687944,20099,23068,33373,21383
1631020687965,20101,23076,33361,21384
1631020687988,20096,23067,33352,21375
1631020688010,20091,23064,33338,21368
1631020688031,20092,23062,33334,21361
1631020688053,20086,23060,33325,21361
1631020688075,20096,23065,33330,21362
1631020688096,20100,23071,33340,21369
1631020688119,20100,23070,33351,21371
1631020688141,20099,23070,33362,21379
1631020688162,20103,23069,33370,21382
1631020688185,20105,23071,33390,21387
1631020688207,20109,23076,33405,21399
1631020688228,20113,23080,33419,21407
1631020688250,20119,23083,33437,21414
1631020688272,20115,23080,33448,21423
1631020688294,20120,23081,33464,21420
1631020688316,20114,23082,33475,21432
1631020688338,20113,23079,33490,21444
1631020688360,20115,23079,33505,21444
1631020688382,20112,23080,33517,21451
1631020688404,20115,23075,33531,21453
1631020688426,20116,23079,33559,21473
1631020688447,20118,23079,33578,21483
1631020688470,20124,23083,33601,21495
1631020688491,20124,23083,33620,21507
1631020688513,20127,23083,33642,21513
1631020688536,20130,23087,33673,21532
1631020688558,20120,23079,33668,21532
1631020688579,20105,23073,33627,21516
1631020688601,20088,23060,33576,21494
1631020688622,20072,23041,33509,21463
1631020688637,20064,23046,33448,21434
1631020688656,20067,23048,33426,21422
1631020688687,20075,23053,33415,21412
1631020688703,20080,23054,33404,21399
1631020688718,20081,23057,33398,21396
1631020688749,20084,23059,33388,21387
1631020688772,20092,23066,33390,21390
1631020688787,0,27381,33392,21387
1631020688818,20097,23075,33385,21385
1631020688834,20096,23072,33366,21378
1631020688856,20091,23066,33352,21370
1631020688872,20086,23061,33335,21360
1631020688903,20089,23059,33326,21353
1631020688919,20088,23061,33326,21355
1631020688950,20091,23064,33323,21354
1631020688972,20095,23067,33330,21355
1631020688988,20101,23070,33339,21354
1631020689003,20098,23068,33341,21361
1631020689035,20104,23074,33358,21363
1631020689056,20102,23074,33370,21372
1631020689072,20105,23081,33383,21378
1631020689103,20111,23081,33397,21382
1631020689119,20112,23082,33407,21389
1631020689135,20110,23085,33421,21393
1631020689157,20110,23077,33431,21403
1631020689189,20105,23077,33440,21403
1631020689204,20110,23076,33451,21408
1631020689235,20110,23074,33468,21417
1631020689257,20109,23076,33483,21424
1631020689273,20109,23073,33492,21427
1631020689289,20112,23078,33517,21443
1631020689320,20118,23084,33537,21455
1631020689336,20120,23083,33564,21465
1631020689358,20125,23093,33585,21476
1631020689389,20126,23090,33603,21484
1631020689405,20120,23085,33599,21485
1631020689420,20103,23073,33553,21472
1631020689452,20081,23056,33496,21442
1631020689473,20076,23057,33432,21414
1631020689489,20071,23050,33383,21387
1631020689520,20076,23051,33341,21361
1631020689536,20078,23056,33325,21350
1631020689558,20086,23065,33313,21343
1631020689574,20085,23070,33306,21336
1631020689605,20087,23062,33289,21336
1631020689621,20091,23065,33292,21332
1631020689652,20093,23072,33291,21326
1631020689675,20095,23070,33280,21326
1631020689698,20095,23075,33268,21313
1631020689720,20089,23065,33247,21306
1631020689742,20082,23060,33226,21290
1631020689764,20082,23061,33211,21286
1631020689786,20088,23067,33214,21280
1631020689808,20094,23069,33217,21285
1631020689829,20095,23072,33218,21285
1631020689852,20091,23065,33228,21283
1631020689873,20090,23064,33232,21283
1631020689895,20087,23062,33243,21283
1631020689917,20087,23064,33253,21287
1631020689939,20089,23062,33261,21301
1631020689961,20093,23064,33274,21303
1631020689983,20092,23059,33284,21305
1631020690005,20090,23060,33293,21305
1631020690027,20089,23057,33305,21310
1631020690049,20089,23058,33312,21317
1631020690071,20089,23059,33331,21319
1631020690093,20086,23062,33345,21321
1631020690115,20086,23058,33359,21326
1631020690137,20086,23054,33371,21334
1631020690159,20091,23054,33384,21345
1631020690180,20093,23060,33414,21353
1631020690202,20099,23060,33435,21358
1631020690225,20092,23057,33447,21366
1631020690246,20085,23055,33439,21364
1631020690268,20068,23041,33395,21345
1631020690290,20045,23020,33306,21299
1631020690312,20033,23008,33247,21267
1631020690333,20032,23007,33201,21238
1631020690356,20038,23010,33165,21215
1631020690378,20039,23020,33147,21207
1631020690400,20049,23026,33123,21186
1631020690422,20053,23028,33112,21182
1631020690444,20052,23031,33108,21174
1631020690466,20054,23026,33105,21173
1631020690488,20061,23038,33104,21167
1631020690510,20060,23039,33079,21157
1631020690532,20056,23040,33058,21146
1631020690554,20052,23031,33035,21138
1631020690575,20050,23028,33011,21127
1631020690597,20052,23029,32996,21108
1631020690607,20059,23034,32989,21106
1631020690638,20063,23038,32990,21103
1631020690638,20060,23038,32993,21104
1631020690678,20057,23038,32995,21106
1631020690706,20061,23039,33002,21107
1631020690729,20073,23040,33014,21113
1631020690751,20074,23043,33025,21116
1631020690773,20075,23044,33035,21121
1631020690795,20079,23051,33046,21126
1631020690817,20080,23054,33054,21136
1631020690839,20079,23056,33075,21144
1631020690860,20076,23056,33083,21147
1631020690883,20080,23057,33093,21150
1631020690905,20077,23053,33110,21158
1631020690927,20083,23055,33117,21159
1631020690948,20090,23063,33140,21177
1631020690971,20092,23065,33161,21185
1631020690992,20093,23061,33185,21198
1631020691014,20091,23064,33207,21206
1631020691036,20097,23066,33220,21223
1631020691058,20085,23056,33203,21213
1631020691080,20069,23047,33144,21188
1631020691102,20051,23033,33080,21149
1631020691124,20037,23017,33007,21113
1631020691146,20036,23018,32959,21084
1631020691167,20045,23031,32913,21056
1631020691190,20049,23036,32896,21047
1631020691211,20050,23040,32884,21037
1631020691234,20057,23044,32870,21028
1631020691256,20061,23047,32863,21019
1631020691277,20060,23045,32850,21018
1631020691299,20066,23053,32844,21020
1631020691322,20063,23050,32829,21005
1631020691343,20054,23049,32802,20995
1631020691365,20051,23038,32768,20969
1631020691387,20053,23039,32747,20959
1631020691409,20051,23040,32735,20953
1631020691431,20058,23043,32728,20949
1631020691453,20056,23044,32735,20949
1631020691475,20060,23050,32732,20946
1631020691497,20068,23056,32747,20953
1631020691519,20071,23062,32754,20961
1631020691541,20079,23066,32764,20969
1631020691562,20079,23064,32779,20974
1631020691584,20086,23066,32778,20977
1631020691607,20083,23075,32789,20983
1631020691628,20090,23076,32798,20992
1631020691651,20087,23080,32810,21001
1631020691672,20097,23083,32833,21008
1631020691694,20105,23086,32848,21017
1631020691716,20104,23087,32860,21022
1631020691738,20106,23094,32870,21031
1631020691760,20112,23100,32890,21043
1631020691782,20117,23099,32906,21054
1631020691804,20119,23110,32930,21071
1631020691826,20127,23109,32955,21085
1631020691847,20129,23117,32973,21093
1631020691870,20133,23116,32998,21111
1631020691892,20132,23122,33016,21116
1631020691913,20114,23106,32968,21104
1631020691936,20087,23086,32900,21072
1631020691958,20064,23063,32805,21022
1631020691979,20048,23049,32719,20971
1631020692002,20043,23041,32649,20929
1631020692023,20038,23042,32582,20883
1631020692045,20042,23041,32548,20861
1631020692067,20041,23040,32522,20841
1631020692089,20040,23039,32496,20825
1631020692111,20037,23040,32471,20813
1631020692133,20050,23050,32463,20811
1631020692155,20063,23064,32453,20806
1631020692177,20066,23073,32432,20792
1631020692199,20072,23074,32406,20786
1631020692220,20069,23073,32377,20768
1631020692242,20072,23076,32334,20750
1631020692264,20077,23081,32311,20739
1631020692287,20076,23083,32301,20729
1631020692308,20087,23088,32295,20726
1631020692331,20081,23079,32290,20717
1631020692352,20072,23078,32274,20708
1631020692374,20073,23077,32272,20706
1631020692396,20071,23073,32270,20703
1631020692418,20065,23062,32257,20694
1631020692440,20047,23049,32238,20680
1631020692461,20048,23049,32238,20673
1631020692484,20050,23050,32245,20675
1631020692506,20050,23050,32240,20672
1631020692527,20056,23055,32240,20672
1631020692549,20058,23050,32240,20670
1631020692572,20058,23058,32248,20672
1631020692593,20055,23050,32246,20673
1631020692608,20046,23037,32247,20671
1631020692637,20041,23030,32246,20668
1631020692657,20038,23025,32256,20669
1631020692677,20032,23021,32260,20669
1631020692697,20031,23022,32271,20674
1631020692717,20045,23032,32292,20680
1631020692747,20058,23035,32303,20692
1631020692767,20064,23051,32320,20699
1631020692789,20066,23056,32314,20701
1631020692807,20054,23051,32278,20688
1631020692827,20036,23034,32196,20644
1631020692856,20022,23017,32084,20592
1631020692877,19998,22999,31961,20522
1631020692897,19977,22973,31815,20437
1631020692917,19967,22962,31738,20390
1631020692937,19961,22952,31676,20352
1631020692956,19957,22951,31625,20319
1631020692987,19946,22936,31569,20290
1631020693007,19928,22915,31498,20247
1631020693026,19917,22897,31454,20222
1631020693047,19902,22885,31419,20198
1631020693072,19894,22877,31375,20174
1631020693097,19891,22871,31333,20146
1631020693117,19889,22863,31230,20097
1631020693137,19863,22820,31122,20044
1631020693157,19836,22779,31007,19986
1631020693177,19785,22703,30860,19911
1631020693206,19730,22616,30663,19828
1631020693230,19672,22543,30431,19717
1631020693251,19598,22447,30262,19633
1631020693274,19532,22361,29991,19507
1631020693294,19436,22248,29707,19373
1631020693316,19244,22021,29419,19201
1631020693339,19028,21784,29009,18961
1631020693361,18901,21628,28757,18818
1631020693383,18753,21459,28483,18652
1631020693405,18657,21350,28278,18525
1631020693426,18569,21251,28094,18427
1631020693449,18437,21102,27809,18260
1631020693470,18433,21105,27698,18201
1631020693492,18459,21137,27610,18159
1631020693510,18465,21146,27524,18112
1631020693526,18434,21109,27418,18048
1631020693557,18414,21087,27291,17980
1631020693577,18416,21088,27219,17942
1631020693597,18415,21086,27151,17908
1631020693617,18438,21119,27094,17881
1631020693637,18501,21195,27065,17872
1631020693667,18632,21347,27022,17863
1631020693690,18698,21435,26947,17835
1631020693711,18772,21531,26838,17790
1631020693733,18844,21618,26717,17735
1631020693756,18901,21697,26591,17679
1631020693777,18953,21765,26443,17600
1631020693799,18977,21790,26354,17551
1631020693821,18990,21812,26280,17513
1631020693843,18998,21828,26208,17476
1631020693865,19003,21834,26147,17444
1631020693887,19008,21845,26076,17408
1631020693909,19020,21853,26042,17384
1631020693930,19020,21863,25998,17358
1631020693953,19022,21867,25941,17327
1631020693975,19016,21873,25884,17296
1631020693997,19015,21868,25822,17255
1631020694019,19001,21858,25741,17213
1631020694040,18994,21851,25700,17186
1631020694062,18988,21853,25667,17170
1631020694085,18988,21856,25644,17153
